ID,Severity,Start_Time,End_Time,Start_Lat,Start_Lng,End_Lat,End_Lng,Distance(mi),Description,Number,Street,Side,City,County,State,Zipcode,Country,Timezone,Airport_Code,Weather_Timestamp,Temperature(F),Wind_Chill(F),Humidity(%),Pressure(in),Visibility(mi),Wind_Direction,Wind_Speed(mph),Precipitation(in),Weather_Condition,Amenity,Bump,Crossing,Give_Way,Junction,No_Exit,Railway,Roundabout,Station,Stop,Traffic_Calming,Traffic_Signal,Turning_Loop,Sunrise_Sunset,Civil_Twilight,Nautical_Twilight,Astronomical_Twilight
C-1851569,2,2021-05-30 17:29:46.000000000,2021-12-03 17:02:18.000000000,25.847404,-80.19791,25.847484,-80.195335,0.160211919545,Stationary traffic on FL-934 from I-95 (NW 81st St/FL-934) to NE 2nd Ave (NE 82nd St/FL-934) due to roadwork.,56.0,NW 79th St,L,Miami,Miami-Dade,FL,33150-3014,US,US/Eastern,KOPF,2021-10-18 16:53:00,83.0,83.0,47.0,29.99,10.0,ENE,15.0,0.0,Fair,False,False,True,False,False,False,False,False,False,True,False,False,False,Day,Day,Day,Day
C-1851570,2,2021-03-22 06:31:41.000000000,2021-03-22 15:22:49.000000000,25.890219,-80.169472,25.890445,-80.18243299999997,0.805789118889,Slow traffic on FL-922 from US-1/Biscayne Blvd (Connecting Road/123rd St/NE North Miami Blvd/FL-922) to FL-915/NE 6th Ave (NE 125th St/North Miami Blvd/FL-922) due to roadwork.,1452.0,NE 123rd St,R,North Miami,Miami-Dade,FL,33161-6024,US,US/Eastern,KOPF,2021-03-22 06:30:00,59.0,59.0,81.0,30.0,10.0,NW,10.0,0.0,Mostly Cloudy,False,False,False,False,False,False,False,False,False,False,False,True,False,Night,Night,Night,Day
C-1851571,2,2020-07-13 13:00:00.000000000,2020-07-13 23:45:00.000000000,45.044163,-91.90506,45.043048,-91.905052,0.0770401527566,Construction on WI-25 SB near WI-170 Drive with caution.,100.0,N Highway 25,L,Wheeler,Dunn,WI,54772-9553,US,US/Central,KLUM,2020-07-13 12:55:00,78.0,78.0,56.0,28.99,10.0,SE,10.0,0.0,Partly Cloudy,False,False,True,False,False,False,True,False,False,False,False,False,False,Day,Day,Day,Day
C-1851572,2,2021-04-05 05:39:30.000000000,2021-04-06 16:36:06.000000000,39.98769,-75.155912,39.98458,-75.155759,0.2150331364519999,Slow traffic on PA-611 from W Dauphin St to N Park Ave / Liacouras Walk due to roadwork.,2286.0,N Broad St,L,Philadelphia,Philadelphia,PA,19132-4501,US,US/Eastern,KPHL,2021-04-05 05:54:00,49.0,45.0,41.0,30.05,10.0,W,10.0,0.0,Fair,True,False,True,False,False,False,True,False,True,False,False,True,False,Night,Night,Day,Day
C-1851573,2,2021-10-17 07:34:30.000000000,2021-10-17 09:36:55.000000000,26.091543,-80.136448,26.092843,-80.137179,0.10062513894,Slow traffic on US-1 N - FL-A1A - FL-5 - FL-84 from Miami Rd to W State Road 84 / S Andrews Ave due to roadwork.,2590.0,S Federal Hwy,L,Fort Lauderdale,Broward,FL,33316-3952,US,US/Eastern,KFLL,2021-10-17 07:53:00,76.0,76.0,97.0,29.93,10.0,CALM,0.0,0.0,Fair,False,False,False,False,False,False,False,False,False,False,False,False,False,Day,Day,Day,Day
C-1851574,2,2021-04-15 06:01:00.000000000,2021-04-15 22:58:00.000000000,39.026268,-104.441728,39.035978,-104.302033,7.52767168672,Stationary traffic on US-24 E - US-24 W from Peyton Hwy (US-24) to Yoder St (5th St/US-24) due to roadwork.,21800.0,E US Highway 24,R,Peyton,El Paso,CO,80831,US,US/Mountain,KFLY,2021-04-15 06:10:00,30.0,20.0,86.0,23.29,10.0,SE,13.0,0.0,Cloudy,False,False,False,False,False,False,False,False,False,False,False,False,False,Night,Day,Day,Day
C-1851575,2,2021-07-19 11:23:10.000000000,2021-07-19 12:01:20.000000000,40.710433,-74.178064,40.708156,-74.156702,1.12983726907,Slow traffic on I-78 E from EXP US-1/EXP US-9/Exit 57 (I-78) to Toll Plaza (I-78) due to roadwork.,,Haynes Ave,R,Newark,Essex,NJ,07114,US,US/Eastern,KEWR,2021-07-19 11:51:00,79.0,79.0,58.0,29.95,10.0,NW,9.0,0.0,Mostly Cloudy,False,False,False,False,False,False,False,False,False,False,False,False,False,Day,Day,Day,Day
C-1851576,4,2020-05-03 13:49:08.000000000,2020-05-03 16:34:06.000000000,41.37989,-82.42438,41.36795,-82.45217,1.6603291194999998,At OH-61 - Roadwork.,,OH-2 W,R,Vermilion,Erie,OH,44089,US,US/Eastern,KLPR,2020-05-03 14:53:00,73.0,73.0,31.0,28.96,10.0,NNW,12.0,0.0,Fair,False,False,False,False,False,False,False,False,False,False,False,False,False,Day,Day,Day,Day
C-1851577,2,2021-12-09 00:00:00.000000000,2021-12-09 15:00:00.000000000,37.708439,-122.458847,,,0.239999994636,One lane closed due to construction on CA-82 San Jose Ave Southbound from San Jose Ave to Goethe St.,3200.0,San Jose Ave,R,San Francisco,San Francisco,CA,94112-3949,US,US/Pacific,KSFO,2021-12-09 00:56:00,53.0,53.0,80.0,29.94,9.0,W,10.0,0.0,Cloudy,False,False,False,False,False,False,False,False,False,True,False,True,False,Night,Night,Night,Night
C-1851578,2,2020-09-22 12:41:00.000000000,2020-09-23 00:16:33.000000000,26.103019,-80.13691899999998,26.100217,-80.136186,0.198870145943,Queuing traffic on US-1 S - FL-A1A - FL-5 from SE 15th St to Miami Rd due to roadwork.,598.0,SE 15th St,R,Fort Lauderdale,Broward,FL,33316-1944,US,US/Eastern,KFLL,2020-09-22 12:53:00,87.0,87.0,59.0,30.0,10.0,ENE,18.0,0.0,Mostly Cloudy,False,False,True,False,False,False,False,False,False,False,False,False,False,Day,Day,Day,Day
C-1851579,2,2021-09-02 06:55:30.000000000,2021-09-02 13:36:01.000000000,42.271737,-84.40387700000002,42.272663,-84.421022,0.878890543979,Slow traffic on I-94 W - US-127 N from MI-106/Cooper St/Exit 139 (I-94) to US-127 Bus/MI-50/Exit 138 (I-94) due to roadwork.,,I-94 W,R,Jackson,Jackson,MI,49202,US,US/Eastern,KJXN,2021-09-02 06:56:00,52.0,52.0,89.0,29.05,10.0,CALM,0.0,0.0,Fair,False,False,False,False,True,False,False,False,False,False,False,False,False,Night,Day,Day,Day
C-1851580,2,2020-10-14 12:34:30.000000000,2020-10-14 23:43:30.000000000,42.240564,-87.983283,42.240485,-87.976979,0.32250766968,Stationary traffic on IL-60 from US-45/S Lake St (Townline Rd/IL-60) to CR-57/S Butterfield Rd (Townline Rd/IL-60) due to roadwork.,1265.0,Townline Rd,R,Mundelein,Lake,IL,60060-4429,US,US/Central,KPWK,2020-10-14 12:52:00,69.0,69.0,32.0,29.03,10.0,S,20.0,0.0,Fair,False,False,True,False,False,False,False,False,False,False,False,True,False,Day,Day,Day,Day
C-1851581,3,2020-06-24 06:00:00.000000000,2020-06-24 20:00:00.000000000,43.060131,-87.883759,,,4.71000003815,Road closed due to construction work on WI-32 Prospect Ave both ways from Ogden Ave to North Ave.,2109.0,E North Ave,R,Milwaukee,Milwaukee,WI,53202-1129,US,US/Central,KMKE,2020-06-24 05:52:00,61.0,61.0,81.0,29.09,10.0,W,5.0,0.0,Partly Cloudy,True,False,True,False,False,False,False,False,False,False,False,True,False,Day,Day,Day,Day
C-1851582,2,2021-04-18 07:58:00.000000000,2021-04-18 19:03:30.000000000,28.507338,-81.420085,28.508185,-81.418072,0.135509755137,Slow traffic from exit [79] to S John Young Pkwy due to roadwork.,,I-4 E,R,Orlando,Orange,FL,32839,US,US/Eastern,KORL,2021-04-18 07:53:00,73.0,73.0,87.0,29.8,10.0,CALM,0.0,0.0,Cloudy,False,False,True,False,False,False,False,False,False,False,False,True,False,Day,Day,Day,Day
C-1851583,2,2021-11-16 11:55:00.000000000,2021-11-16 12:39:00.000000000,28.593122,-81.368422,28.593052,-81.36506800000002,0.203534041664,Stationary traffic on FL-426 from I-4 (FL-426) to US-92/S Orlando Ave (FL-426) due to roadwork.,1436.0,W Fairbanks Ave,L,Winter Park,Orange,FL,32789-4806,US,US/Eastern,KORL,2021-11-16 11:53:00,73.0,73.0,53.0,30.13,10.0,NNE,9.0,0.0,Fair,False,False,True,False,False,False,False,False,False,False,False,True,False,Day,Day,Day,Day
C-1851584,2,2021-01-20 20:33:30.000000000,2021-01-21 00:38:56.000000000,43.928018,-70.336274,43.936593,-70.33456600000001,0.598540493464,Slow traffic on Maine Tpke N - I-95 N from US-202/W Gray Rd/Exit 63 (I-95) to US-202/ME-4/ME-100/Exit 75 (I-95) due to roadwork.,,I-95 N,R,Gray,Cumberland,ME,04039,US,US/Eastern,KLEW,2021-01-20 20:56:00,21.0,9.0,60.0,29.6,10.0,NW,12.0,0.0,Fair,False,False,False,False,False,False,False,False,False,False,False,False,False,Night,Night,Night,Night
C-1851585,2,2021-11-19 16:44:30.000000000,2021-11-19 17:05:00.000000000,41.597293,-93.63707,41.592553,-93.632158,0.4143416936249999,Slow traffic from University Ave (15th St/Keosauqua Way) to 8th St/9th St (Keosauqua Way) due to roadwork.,,Keosauqua Way,R,Des Moines,Polk,IA,50314,US,US/Central,KDSM,2021-11-19 16:54:00,41.0,34.0,43.0,29.08,10.0,S,12.0,0.0,Cloudy,False,False,True,False,False,False,False,False,False,False,False,True,False,Day,Day,Day,Day
C-1851586,2,2021-06-16 14:50:02.000000000,2021-06-16 15:36:52.000000000,28.821887,-98.858254,28.797606,-98.901269,3.0977931033599995,Slow traffic on TX-85 from CR-349/Davis Switch Rd (TX-85) to CR-3501/Keystone Rd (TX-85) due to roadwork.,22348.0,E State Highway 85,L,Pearsall,Frio,TX,78061,US,US/Central,KCOT,2021-06-16 14:53:00,97.0,97.0,31.0,29.46,10.0,E,10.0,0.0,Fair,False,False,False,False,False,False,False,False,False,False,False,False,False,Day,Day,Day,Day
C-1851587,2,2021-06-18 13:01:00.000000000,2021-06-18 13:24:00.000000000,39.67074,-86.09673599999998,39.692208,-86.105025,1.54739960034,Slow traffic on I-65 N from Southport Rd/Exit 103 (I-65) to I-74/I-465/Exit 106 (I-65) due to roadwork.,,I-65 N,R,Indianapolis,Marion,IN,46237,US,US/Eastern,KIND,2021-06-18 12:54:00,88.0,88.0,59.0,29.01,10.0,SSW,16.0,0.0,Partly Cloudy,False,False,False,False,False,False,False,False,False,False,False,False,False,Day,Day,Day,Day
C-1851588,2,2020-10-01 14:00:00.000000000,2020-10-01 19:45:00.000000000,41.877922,-93.833489,41.863376,-93.921883,4.6576553739,Construction on IA-210 WB near IA-17 Drive with caution.,1707.0,334th Rd,R,Madrid,Boone,IA,50156-7430,US,US/Central,KBNW,2020-10-01 13:55:00,55.0,55.0,51.0,28.92,10.0,NNW,16.0,0.0,Cloudy,False,False,False,False,False,False,False,False,False,False,False,False,False,Day,Day,Day,Day
C-1851589,2,2021-11-17 16:15:00.000000000,2021-11-17 16:36:00.000000000,28.3319,-82.291701,28.331923,-82.27691,0.899544729251,Slow traffic on FL-52 from I-75 (FL-52) to CR-577/Curley Rd/Curley St (FL-52) due to roadwork.,31698.0,State Road 52,R,San Antonio,Pasco,FL,33576,US,US/Eastern,KZPH,2021-11-17 16:15:00,81.0,81.0,58.0,30.01,10.0,E,6.0,0.0,Partly Cloudy,False,False,False,False,False,False,False,False,False,False,False,False,False,Day,Day,Day,Day
C-1851590,2,2021-10-14 16:32:30.000000000,2021-10-14 18:34:04.000000000,33.387774,-111.926437,33.38521,-111.926586,0.177363955443,Stationary traffic from E Southern Ave (S Rural Rd) to US-60/Superstition Fwy (S Rural Rd) due to roadwork.,3801.0,S Rural Rd,R,Tempe,Maricopa,AZ,85282-5557,US,US/Mountain,KPHX,2021-10-14 16:51:00,79.0,79.0,14.0,28.75,10.0,W,9.0,0.0,Fair,False,False,True,False,False,False,False,False,True,False,False,True,False,Day,Day,Day,Day
C-1851591,2,2021-10-04 15:35:00.000000000,2021-10-04 17:42:39.000000000,33.551636,-112.25719,33.552633,-112.25495,0.146224775333,Stationary traffic from N 95th Ave / N 93rd Ave to W Royal Palm Rd due to roadwork.,9203.0,W Northern Ave,R,Glendale,Maricopa,AZ,85305,US,US/Mountain,KGEU,2021-10-04 15:28:00,95.0,95.0,19.0,28.72,10.0,SSW,5.0,0.0,Mostly Cloudy,False,False,False,False,False,False,False,False,False,False,False,False,False,Day,Day,Day,Day
C-1851592,2,2021-08-02 15:23:30.000000000,2021-08-02 15:47:00.000000000,41.652653,-86.002998,41.659761,-86.003085,0.4911365614119999,Slow traffic on IN-19 from US-20/Dean R Mock Expy (IN-19) to W Lusher Ave (IN-19) due to roadwork.,57973.0,State Road 19,R,Elkhart,Elkhart,IN,46517-1207,US,US/Eastern,KEKM,2021-08-02 15:52:00,75.0,75.0,38.0,29.3,10.0,CALM,0.0,0.0,Partly Cloudy,False,False,False,False,False,False,False,False,False,False,False,True,False,Day,Day,Day,Day
C-1851593,2,2021-06-22 20:59:42.000000000,2021-06-23 21:47:19.000000000,44.835952,-93.296626,44.833514,-93.295111,0.184080183348,Construction on I-35W SB near 94TH ST Allow extra time.,,I-35W S,R,Minneapolis,Hennepin,MN,55431,US,US/Central,KMSP,2021-06-22 20:53:00,71.0,71.0,39.0,28.95,10.0,SE,9.0,0.0,Fair,False,False,False,False,True,False,False,False,False,False,False,False,False,Day,Day,Day,Day
C-1851594,2,2020-11-20 18:06:00.000000000,2020-11-21 02:17:00.000000000,37.021912,-120.132493,37.00009,-120.10596,2.1015012372,Slow traffic on CA-99 S from Avenue 20 1/2/Exit 162 (CA-99) to Avenue 17 (CA-99) due to roadwork.,,CA-99 S,R,Madera,Madera,CA,93637,US,US/Pacific,KMAE,2020-11-20 17:53:00,51.0,51.0,80.0,29.94,10.0,CALM,0.0,0.0,Fair,False,False,False,False,True,False,False,False,False,False,False,False,False,Night,Night,Night,Day
C-1851595,2,2021-09-10 16:50:00.000000000,2021-09-10 17:04:00.000000000,41.616604,-84.638671,41.617548,-84.659798,1.09324681078,Slow traffic on I-90 W - I-80 W - Ohio Tpke W from CR-15/Exit 13 (I-90/I-80) to OH-49/Exit 2 (I-90/I-80) due to roadwork.,,I-80 W,R,Montpelier,Williams,OH,43543,US,US/Eastern,KDFI,2021-09-10 16:53:00,78.0,78.0,39.0,29.3,10.0,SW,7.0,0.0,Fair,False,False,False,False,False,False,False,False,False,False,False,False,False,Day,Day,Day,Day
C-1851596,2,2021-12-06 15:19:30.000000000,2021-12-06 17:37:24.000000000,33.521901,-112.065001,33.523747,-112.065909,0.137853363315,Stationary traffic from E Palo Verde Dr to N 4th Pl due to roadwork.,600.0,E Palo Verde Dr,L,Phoenix,Maricopa,AZ,85014,US,US/Mountain,KPHX,2021-12-06 14:51:00,77.0,77.0,19.0,28.76,10.0,S,3.0,0.0,Mostly Cloudy,True,False,False,False,False,True,False,False,True,False,False,False,False,Day,Day,Day,Day
C-1851597,2,2020-05-05 18:54:13.000000000,2020-05-06 06:00:00.000000000,34.71414,-86.67090999999998,34.71414,-86.67090999999998,0.0,At Madison Pike - Resurfacing work.,,Highway 255,R,Huntsville,Madison,AL,35806,US,US/Central,KHUA,2020-05-05 18:58:00,68.0,68.0,67.0,29.16,10.0,NNW,9.0,0.0,Mostly Cloudy,False,False,False,False,True,False,False,False,False,False,False,False,False,Day,Day,Day,Day
C-1851598,2,2021-11-18 16:01:23.000000000,2021-11-18 16:22:38.000000000,36.253406,-93.121176,36.25571,-93.12341,0.202076577844,Stationary traffic on AR-43 - US-62 W - US-65 S - US-62 E - US-412 W - US-65 N - US-412 E from US-65/Main St/Industrial Park Rd (US-412) to US-65 (US-412) due to roadwork.,901.0,Highway 62 65 N,R,Harrison,Boone,AR,72601-2146,US,US/Central,KHRO,2021-11-18 15:53:00,50.0,50.0,22.0,28.96,10.0,NNW,9.0,0.0,Fair,False,False,False,False,False,False,False,False,False,False,False,True,False,Day,Day,Day,Day
C-1851599,2,2020-09-22 19:33:33.000000000,2020-09-23 12:37:34.000000000,39.742546,-91.265421,39.726562,-91.164848,5.45675416763,Roadwork on I-72 from I-172/Exit 4 (I-72) to CR-4/Exit 20 (I-72).,,I-72 E,R,Hull,Pike,IL,62343,US,US/Central,KHAE,2020-09-22 19:35:00,64.0,64.0,68.0,29.27,7.0,SE,3.0,0.0,Fair,False,False,False,False,False,False,False,False,False,False,False,False,False,Night,Night,Day,Day
C-1851600,2,2019-07-22 00:01:00.000000000,2019-11-01 00:01:00.000000000,41.04985,-76.840355,,,13.0200004578,Intermittent lane closures due to long-term construction on PA-147 Northbound between PA-405 and I-80 Exits 212 212A-B.,,I-80 E,R,Milton,Northumberland,PA,17847,US,US/Eastern,KSEG,2019-07-22 00:02:00,74.0,74.0,91.0,29.43,4.0,VAR,6.0,0.02,T-Storm,False,False,False,False,True,False,False,False,False,False,False,False,False,Night,Night,Night,Night
C-1851601,2,2021-11-12 07:47:30.000000000,2021-11-12 08:18:30.000000000,28.338192,-82.501319,28.319689,-82.50376700000002,1.28707571168,Stationary traffic on FL-45 - US-41 S - US-41 N from CR-578/County Line Rd (US-41) to CR-583/Ehren Cutoff (US-41) due to roadwork.,12400.0,US Highway 41,R,Spring Hill,Pasco,FL,34610,US,US/Eastern,KBKV,2021-11-12 07:46:00,66.0,66.0,100.0,30.03,1.0,SSE,3.0,0.0,Fog,False,False,False,False,False,False,False,False,False,False,False,False,False,Day,Day,Day,Day
C-1851602,2,2021-12-03 17:28:41.000000000,2021-12-03 19:35:56.000000000,26.202304,-80.189122,26.203661,-80.18782,0.123716612335,Stationary traffic from NW 31st Way to NW 65th Dr due to roadwork.,3148.0,W Cypress Creek Rd,L,Fort Lauderdale,Broward,FL,33309,US,US/Eastern,KFXE,2021-12-03 17:53:00,73.0,73.0,61.0,30.08,10.0,NNE,3.0,0.0,Fair,False,False,False,False,False,False,False,False,False,False,False,False,False,Night,Day,Day,Day
C-1851603,2,2021-06-23 14:27:38.000000000,2021-06-23 14:48:09.000000000,44.982844,-93.270267,44.982074,-93.269067,0.0791818080148999,Stationary traffic on County Hwy-152 from I-394/3rd Ave (Washington Ave/MN-152) to MN-65/3rd Ave (S Washington Ave/MN-152) due to roadwork.,77.0,Washington Ave N,R,Minneapolis,Hennepin,MN,55401,US,US/Central,KMIC,2021-06-23 14:53:00,84.0,84.0,46.0,28.83,10.0,SE,10.0,0.0,Fair,False,False,True,False,False,False,False,False,True,False,False,True,False,Day,Day,Day,Day
C-1851604,2,2021-07-12 07:00:00.000000000,2021-07-13 08:23:47.000000000,40.215643,-78.93424,40.223563,-78.936846,0.564227244929,Construction on PA-403 NB near WILBUR RD Allow extra time.,799.0,S Main St,R,Hollsopple,Somerset,PA,15935,US,US/Eastern,KJST,2021-07-12 06:54:00,68.0,68.0,90.0,27.71,10.0,S,5.0,0.0,Fair,False,False,False,False,False,False,False,False,False,False,False,False,False,Day,Day,Day,Day
C-1851605,2,2020-12-11 13:36:30.000000000,2020-12-12 02:53:46.000000000,30.158669,-92.046179,30.156492,-92.048366,0.199237743225,Slow traffic from Camellia Blvd (Kaliste Saloom Rd/LA-3095) to LA-3073/Ambassador Caffery Pkwy (Kaliste Saloom Rd/LA-3095) due to roadwork.,2385.0,Kaliste Saloom Rd,R,Lafayette,Lafayette,LA,70508-6807,US,US/Central,KLFT,2020-12-11 13:53:00,72.0,72.0,49.0,29.91,10.0,SSE,10.0,0.0,Mostly Cloudy,False,False,False,False,False,False,False,False,False,False,False,False,False,Day,Day,Day,Day
C-1851606,4,2020-03-20 18:52:37.000000000,2020-08-08 11:46:11.000000000,42.37467,-83.04545999999998,42.37559,-83.04294,0.143476966645,At General Motors Blvd/Grand Blvd E/Chene St/Exit 217 - Ramps closed. Construction work.,,Edsel Ford Fwy E,R,Detroit,Wayne,MI,48211,US,US/Eastern,KDET,2020-03-28 03:38:00,40.0,34.0,97.0,29.2,5.0,E,8.0,0.09,Rain,False,False,False,False,False,False,False,False,False,False,False,False,False,Day,Day,Day,Day
C-1851607,2,2020-11-18 17:00:48.000000000,2020-11-19 17:47:29.000000000,39.205525,-76.65682,39.205534,-76.658455,0.0875390459623,Construction on MD-169 WB near HAMM ONDS FERRY RD Expect long delays.,6298.0,Medora Rd,R,Linthicum Heights,Anne Arundel,MD,21090-2146,US,US/Eastern,KBWI,2020-11-18 16:54:00,40.0,34.0,45.0,30.37,10.0,NW,8.0,0.0,Fair,False,False,False,False,False,False,False,False,False,False,False,True,False,Night,Day,Day,Day
C-1851608,2,2021-10-07 09:57:18.000000000,2021-10-07 18:45:00.000000000,39.592666,-106.096269,39.603139,-106.08513700000002,0.935340096104,Construction on I-70 EB near FRISCO Construction. Right lane closed.,,I-70 E,R,Frisco,Summit,CO,80443,US,US/Mountain,KCCU,2021-10-07 09:53:00,48.0,48.0,42.0,20.95,10.0,CALM,0.0,0.0,Fair,False,False,False,False,False,False,False,False,False,False,False,False,False,Day,Day,Day,Day
C-1851609,2,2021-07-24 11:55:09.000000000,2021-07-24 12:19:28.000000000,44.912537,-93.332595,44.91253,-93.32904,0.17395020568,Slow traffic from MN-100 (50th St) to France Ave (50th St) due to roadwork.,4167.0,W 50th St,L,Minneapolis,Hennepin,MN,55424-1205,US,US/Central,KMSP,2021-07-24 11:53:00,85.0,85.0,51.0,29.01,10.0,NW,10.0,0.0,Fair,False,False,True,False,False,False,False,False,True,False,False,True,False,Day,Day,Day,Day
C-1851610,2,2020-10-16 03:03:30.000000000,2020-10-16 08:02:52.000000000,32.861689,-96.381197,32.884971,-96.353188,2.28680399906,Roadwork on FM-550 from FM 1139 to Westview Dr.,1124.0,E FM 550,L,Rockwall,Rockwall,TX,75032-6934,US,US/Central,KF46,2020-10-16 02:55:00,59.0,59.0,43.0,29.65,,ENE,12.0,0.0,Cloudy,False,False,False,False,False,False,False,False,False,False,False,False,False,Night,Night,Night,Night
C-1851611,2,2020-04-10 11:20:47.000000000,2020-04-11 11:20:47.000000000,38.99962,-76.99544,38.99962,-76.99544,0.0,At MD-787/Flower Ave - Roadwork. Right lane closed.,,Piney Branch Rd,R,Silver Spring,Montgomery,MD,20903,US,US/Eastern,KCGS,2020-04-10 11:26:00,44.0,36.0,33.0,29.62,10.0,NW,22.0,0.0,Cloudy / Windy,False,False,True,False,False,False,False,False,False,False,False,True,False,Day,Day,Day,Day
C-1851612,2,2021-10-13 13:57:00.000000000,2021-10-13 14:19:00.000000000,31.048725,-89.533413,31.028805,-89.505223,2.16319618892,Stationary traffic on MS-13 from Purvis Baxterville Rd (MS-13) to US-11 (MS-13) due to roadwork.,2.0,Nursery Rd,L,Lumberton,Lamar,MS,39455-9160,US,US/Central,KHBG,2021-10-13 13:53:00,85.0,85.0,55.0,29.81,10.0,SSE,8.0,0.0,Partly Cloudy,False,False,False,False,False,False,False,False,False,False,False,False,False,Day,Day,Day,Day
C-1851613,2,2021-05-04 22:00:00.000000000,2021-05-22 05:00:00.000000000,30.387451,-91.074282,30.350447,-91.033027,3.5475624627,Construction Work on I-10 Eastbound from Siegen Lane (LA-3246) (162) to Highland Rd (167) . Lanes Alternating. Starting 5/18/2021 9:00 PM and Ending 5/22/2021 5:00 AM,,I-10 E,R,Baton Rouge,East Baton Rouge,LA,70809,US,US/Central,KBTR,2021-05-04 21:53:00,71.0,71.0,96.0,29.84,7.0,CALM,0.0,0.0,Cloudy,False,False,False,False,True,False,False,False,False,False,False,False,False,Night,Night,Night,Night
C-1851614,2,2021-05-07 20:18:42.000000000,2021-05-07 22:56:00.000000000,32.810053,-96.654905,32.817578999999995,-96.639179,1.050860086,Slow traffic on I-30 E - R L Thornton Fwy E - US-67 N from I-45 exit [46] to Belt Line Rd exit [59] due to roadwork.,,I-30 E,R,Mesquite,Dallas,TX,75150,US,US/Central,KHQZ,2021-05-07 19:50:00,77.0,77.0,47.0,29.48,10.0,SE,9.0,0.0,Fair,False,False,False,False,False,False,False,False,False,False,False,False,False,Night,Day,Day,Day
C-1851615,2,2021-06-29 09:01:00.000000000,2021-06-29 15:46:00.000000000,38.486911,-122.404396,38.487333,-122.404078,0.0338516946261999,Construction on CA-128 EB near CONNECTOR LAKE PARK Expect long delays.,1699.0,Silverado Trl S,L,Saint Helena,Napa,CA,94574-9542,US,US/Pacific,KSTS,2021-06-29 08:53:00,61.0,61.0,78.0,29.65,10.0,SSE,7.0,0.0,Fair,False,False,False,False,False,False,False,False,False,False,False,False,False,Day,Day,Day,Day
C-1851616,2,2021-09-14 15:37:03.000000000,2021-09-14 16:19:24.000000000,40.607655,-74.003295,40.604612,-73.998262,0.3375011109449999,Slow traffic from 14th Ave (86th St) to Bay Pkwy (86th St) due to roadwork.,1756.0,86th St,R,Brooklyn,Kings,NY,11214-3715,US,US/Eastern,KJRB,2021-09-14 15:51:00,76.0,,62.0,29.95,10.0,,,0.0,Partly Cloudy,True,False,False,False,False,False,True,False,True,True,False,False,False,Day,Day,Day,Day
C-1851617,2,2021-08-26 07:26:00.000000000,2021-08-26 07:46:00.000000000,44.02688,-73.399015,44.030202,-73.403949,0.335800738388,Stationary traffic on VT-125 from VT-22A/Market Rd (VT-125) to VT-17 (VT-125) due to roadwork.,,VT Route 125,R,Vergennes,Addison,VT,05491,US,US/Eastern,K6B0,2021-08-26 07:35:00,73.0,73.0,90.0,29.59,10.0,CALM,0.0,0.0,Fair,False,False,False,False,False,False,False,False,False,False,False,False,False,Day,Day,Day,Day
C-1851618,2,2019-10-12 21:32:16.000000000,2021-03-12 23:59:00.000000000,28.33729000000001,-81.37875,28.42929,-81.40319000000002,6.527897073689999,Between Osceola Pky/Exit 249 and US-17-92/US-441/SR-528-TOLL/Exit 254 - Construction work.,,Ronald Reagan Tpke,R,Kissimmee,Osceola,FL,34743,US,US/Eastern,KISM,2019-10-12 21:54:00,75.0,75.0,83.0,29.97,10.0,ESE,7.0,0.0,Fair,False,False,False,False,False,False,False,False,False,False,False,False,False,Night,Night,Night,Night
C-1851619,2,2021-11-04 17:41:00.000000000,2021-11-04 19:42:27.000000000,33.406599,-111.978283,33.408057,-111.97817,0.100948822843,Slow traffic on AZ-143 from Southern Ave (S 48th St) to I-10/US-60/Maricopa Fwy (S 48th St) due to roadwork.,4210.0,S 48th St,R,Phoenix,Maricopa,AZ,85040-2010,US,US/Mountain,KPHX,2021-11-04 17:51:00,88.0,88.0,14.0,28.69,10.0,SW,6.0,0.0,Fair,False,False,False,False,False,False,False,False,False,False,False,False,False,Night,Day,Day,Day
C-1851620,2,2019-01-10 14:32:30.000000000,2019-01-10 18:32:30.000000000,43.831846,-124.14892,43.777181,-124.143436,3.78687832025,Between County Road 5286/Rhododendron Dr and OR-38/Umpqua Ave/Umpqua Hwy - Maintenance work.,80934.0,Highway 101,L,Gardiner,Douglas,OR,97441,US,US/Pacific,KOTH,2019-01-10 14:56:00,55.9,,77.0,30.04,10.0,SE,5.8,,Overcast,False,False,False,False,False,False,False,False,False,False,False,False,False,Day,Day,Day,Day
C-1851621,2,2019-03-06 03:51:55.000000000,2019-03-10 04:51:21.000000000,33.717536,-85.02062099999998,33.71613,-85.03321,0.729998800955,At GA-113/Exit 19 - Construction work. Left lane blocked.,,GA-402 W,R,Temple,Carroll,GA,30179,US,US/Eastern,KCTJ,2019-03-06 03:55:00,26.2,17.8,50.0,30.35,10.0,NNW,8.1,,Clear,False,False,False,False,True,False,False,False,False,False,False,False,False,Night,Night,Night,Night
C-1851622,2,2020-11-20 07:13:00.000000000,2020-11-20 07:50:00.000000000,36.264469,-80.82558900000002,36.251421,-80.821407,0.931152954694,Slow traffic on I-77 S - US-21 S from NC-1138/C C Camp Rd/Exit 85 (I-77) to NC-67/Exit 82 (I-77) due to roadwork.,,I-77 S,R,Elkin,Surry,NC,28621,US,US/Eastern,KUKF,2020-11-20 07:15:00,30.0,30.0,100.0,29.15,10.0,CALM,0.0,0.0,Fair,False,False,False,False,False,False,False,False,False,False,False,False,False,Day,Day,Day,Day
C-1851623,4,2018-09-08 08:31:08.000000000,2018-09-08 10:31:03.000000000,32.8434,-96.90906,32.84557,-96.91052,0.172228137225,At TX-12-LOOP/N Walton Walker Blvd - Construction work.,1627.0,Frontage Rd,L,Irving,Dallas,TX,75062,US,US/Central,KDFW,2018-09-08 08:23:00,73.9,,97.0,29.92,10.0,North,10.4,0.01,Light Rain,False,False,False,False,False,False,False,False,False,False,False,False,False,Day,Day,Day,Day
C-1851624,2,2020-09-23 12:40:00.000000000,2020-09-23 21:08:32.000000000,42.56072,-83.12776099999998,42.559952,-83.12957,0.106261072882,Stationary traffic from exit [67] to I-75 N due to roadwork.,1016.0,Owendale Dr,R,Troy,Oakland,MI,48083-1942,US,US/Eastern,KVLL,2020-09-23 12:35:00,76.0,76.0,58.0,29.27,10.0,WSW,7.0,0.0,Fair,False,False,False,False,False,False,False,False,False,False,False,False,False,Day,Day,Day,Day
C-1851625,4,2016-09-29 19:00:58.000000000,2016-09-30 01:00:58.000000000,40.644053,-74.141329,40.64219,-74.14211999999998,0.13523621419,Closed at New Jersey/New York State Line - Closed due to roadwork.,,Bayonne Brg N,R,Bayonne,Hudson,NJ,07002,US,US/Eastern,KEWR,2016-09-29 18:51:00,63.0,,70.0,30.35,10.0,East,12.7,0.0,Light Rain,False,False,False,False,False,False,False,False,False,False,False,False,False,Night,Day,Day,Day
C-1851626,2,2019-05-06 08:00:00.000000000,2019-10-31 17:01:00.000000000,40.090038,-105.335838,,,0.219999998808,Intermittent lane closures temporary traffic signals and single alternate line traffic due to resurfacing work on Lee Hill Dr both ways from Olde Stage Rd to Deer Trail Rd.,1.0,Deer Trail Rd,R,Boulder,Boulder,CO,80302,US,US/Mountain,KBDU,2019-05-06 07:54:00,50.0,50.0,87.0,24.68,10.0,CALM,0.0,0.0,Cloudy,False,False,False,False,False,False,False,False,False,False,False,False,False,Day,Day,Day,Day
C-1851627,4,2020-06-17 04:16:03.000000000,2020-06-17 09:15:53.000000000,40.02168,-79.08471,40.0283,-78.48758000000002,31.5969546311,Closed between Brotherton Rd and Washington St/New Baltimore Rd - Closed due to roadwork.,,I-70 E,R,Somerset,Somerset,PA,15501,US,US/Eastern,KLBE,2020-06-17 04:15:00,55.0,55.0,100.0,28.98,10.0,CALM,0.0,0.0,Fair,False,False,False,False,True,False,False,False,False,False,False,False,False,Night,Night,Night,Day
C-1851628,2,2018-11-20 06:29:50.000000000,2018-11-21 15:00:00.000000000,42.54476500000001,-83.28499599999998,,,0.0,Two lanes closed due to construction work on US-24 Telegraph Rd Northbound at Maple Rd.,,W Maple Rd,R,Bloomfield Hills,Oakland,MI,48301,US,US/Eastern,KVLL,2018-11-20 06:35:00,29.3,23.2,80.0,30.08,10.0,NW,5.8,,Overcast,False,False,False,False,False,False,False,False,False,False,False,True,False,Night,Night,Day,Day
C-1851629,2,2020-06-03 07:23:02.000000000,2020-06-04 17:00:00.000000000,40.70916,-80.29406,40.7606,-80.31928,3.79150458462,Between PA-68/Adams St/Brighton Ave and PA-588/Eastvale Brg - Roadwork. Roadway reduced to 1 lane.,,PA-18,R,Rochester,Beaver,PA,15074,US,US/Eastern,KBVI,2020-06-03 07:15:00,72.0,72.0,59.0,28.41,10.0,WSW,13.0,,Fair,False,False,True,False,False,False,False,False,True,True,False,False,False,Day,Day,Day,Day
C-1851630,2,2021-03-26 19:22:00.000000000,2021-03-27 01:49:00.000000000,40.494564,-79.905601,40.492266,-79.89586800000002,0.5354932621840001,Slow traffic on PA-28 N from Highland Park Bridge/Exit 6 (PA-28) to Delafield Rd/Exit 7 (PA-28) due to roadwork.,,PA-28 N,R,Pittsburgh,Allegheny,PA,15215,US,US/Eastern,KAGC,2021-03-26 18:53:00,54.0,54.0,62.0,28.73,10.0,W,10.0,0.0,Fair,False,False,False,False,True,False,False,False,False,False,False,False,False,Day,Day,Day,Day
C-1851631,3,2019-05-02 22:00:00.000000000,2019-05-03 05:00:00.000000000,33.773048,-118.074661,,,1.9900000095400003,Entry ramp to I-405 Southbound from Seal Beach Blvd Eastbound closed due to electricity work.,,Seal Beach Blvd,R,Seal Beach,Orange,CA,90740,US,US/Pacific,KSLI,2019-05-02 21:58:00,57.0,57.0,92.0,29.93,10.0,CALM,0.0,0.0,Fair,False,False,False,False,False,False,False,False,False,False,False,False,False,Night,Night,Night,Night
C-1851632,2,2021-07-06 05:45:04.000000000,2021-08-31 23:59:00.000000000,39.556648,-84.233002,,,0.0,Restrictions due to maintenance work on OH-741 Main St both ways at OH-73 Central Ave. Look out for flagman.,1.0,S Main St,R,Springboro,Warren,OH,45066-2312,US,US/Eastern,KMGY,2021-07-06 05:53:00,73.0,73.0,87.0,29.07,8.0,CALM,0.0,0.0,Fair,False,False,False,False,False,False,False,False,False,False,False,True,False,Night,Day,Day,Day
C-1851633,2,2020-09-15 13:24:08.000000000,2020-09-20 09:55:03.000000000,41.06338,-81.491623,41.06212100000001,-81.472752,0.986940690561,Roadwork on I-76 from Inman St/Exit 24 (I-76) to Martha Ave/Exit 25 (I-76).,,I-76 E,R,Akron,Summit,OH,44306,US,US/Eastern,KAKR,2020-09-15 12:54:00,65.0,65.0,50.0,29.16,10.0,VAR,3.0,0.0,Fair,False,False,False,False,False,False,False,False,False,False,False,False,False,Day,Day,Day,Day
C-1851634,3,2018-11-27 09:00:00.000000000,2018-12-27 00:00:00.000000000,31.000746000000003,-92.977356,,,0.0,Road closed due to bridge maintenance work on LA-399 both ways from Jackson Rd to T Cardy Loop.,1700.0,Highway 399,L,Pitkin,Vernon,LA,70656,US,US/Central,KBKB,2018-11-27 09:54:00,48.0,,44.0,30.35,10.0,NNE,3.5,,Clear,False,False,False,False,False,False,False,False,False,False,False,False,False,Day,Day,Day,Day
C-1851635,1,2020-04-15 18:00:56.000000000,2020-04-16 06:30:00.000000000,28.40087,-80.74965999999998,28.4527,-80.97414,14.1022450538,Between SR-3/Exit 49 and SR-520/Exit 31 - Resurfacing work during the night.,,Bee Line Expy,R,Cocoa,Brevard,FL,32922,US,US/Eastern,KTIX,2020-04-15 17:54:00,77.0,77.0,83.0,29.87,5.0,NNE,21.0,,Light Rain / Windy,False,False,False,False,True,False,False,False,False,False,False,False,False,Day,Day,Day,Day
C-1851636,2,2021-12-03 07:07:30.000000000,2021-12-03 07:53:00.000000000,32.908685,-97.317299,32.891089,-97.317484,1.21581517939,Slow traffic on I-35W S from Golden Triangle Blvd/Exit 64 (I-35W) to US-287/US-81/Exit 60 (I-35W) due to roadwork.,,I-35W S,R,Fort Worth,Tarrant,TX,76177,US,US/Central,KAFW,2021-12-03 06:53:00,58.0,58.0,100.0,29.22,4.0,S,9.0,0.0,Partly Cloudy,False,False,False,False,False,False,False,False,False,False,False,False,False,Night,Day,Day,Day
C-1851637,1,2021-11-01 00:01:00.000000000,2021-11-30 23:59:00.000000000,29.43261,-98.482674,,,0.270000010729,Road closed due to construction work on Broadway Ave both ways from 9th St to 8th St.,801.0,Broadway St,L,San Antonio,Bexar,TX,78215-1518,US,US/Central,KSAT,2021-11-01 00:51:00,61.0,61.0,78.0,29.25,10.0,E,3.0,0.0,Fair,False,False,False,False,False,False,False,False,False,False,False,True,False,Night,Night,Night,Night
C-1851638,2,2021-04-06 05:47:30.000000000,2021-04-06 14:46:34.000000000,27.819245,-82.728442,27.820963,-82.72760500000003,0.129252807302,Stationary traffic on FL-693 from 51st Ave N to 65th Way N due to roadwork.,,66th St N,R,Saint Petersburg,Pinellas,FL,33709,US,US/Eastern,KPIE,2021-04-06 05:53:00,61.0,61.0,90.0,30.11,10.0,E,3.0,0.0,Fair,False,False,True,False,False,False,False,False,True,False,False,False,False,Night,Night,Night,Night
C-1851639,2,2021-05-13 05:49:30.000000000,2021-05-13 11:00:40.000000000,26.725931,-80.066643,26.724686,-80.065596,0.1075847814949999,Slow traffic from 15th St to Carver Ave due to roadwork.,1403.0,N Australian Ave,L,West Palm Beach,Palm Beach,FL,33401-2435,US,US/Eastern,KPBI,2021-05-13 05:53:00,76.0,76.0,87.0,29.99,10.0,N,3.0,0.0,Partly Cloudy,False,False,False,False,False,False,False,False,False,False,False,False,False,Night,Night,Day,Day
C-1851640,2,2021-07-21 18:03:00.000000000,2021-12-10 19:48:48.000000000,41.954126,-87.685705,41.954952,-87.688411,0.150299598962,Stationary traffic on IL-19 from N Bell Ave to W Cuyler Ave due to roadwork.,2280.0,W Irving Park Rd,R,Chicago,Cook,IL,60618-3839,US,US/Central,KORD,2021-12-10 16:30:00,45.0,41.0,86.0,28.89,3.0,E,7.0,0.14,Rain,True,False,False,False,False,False,False,False,True,False,False,True,False,Day,Day,Day,Day
C-1851641,3,2017-11-08 02:06:00.000000000,2017-11-08 06:00:00.000000000,41.763836,-72.630127,,,2.71000003815,Left lane closed due to construction work on I-84 Eastbound from Exit 53 US-44 Connecticut Blvd to Exits 57 58 CT-15.,,US-6 E,R,East Hartford,Hartford,CT,06108,US,US/Eastern,KHFD,2017-11-08 01:53:00,37.9,30.5,89.0,30.22,10.0,NNE,11.5,0.0,Light Rain,False,False,False,False,False,False,False,False,False,False,False,False,False,Night,Night,Night,Night
C-1851642,2,2021-10-22 22:00:00.000000000,2021-10-23 09:00:00.000000000,33.906059,-117.456581,,,0.8399999737739999,Entry ramp to CA-91 Eastbound from Tyler St closed due to paving repairs.,3499.0,Tyler St,R,Riverside,Riverside,CA,92503-4136,US,US/Pacific,KRAL,2021-10-22 21:53:00,57.0,57.0,87.0,29.09,10.0,W,5.0,0.0,Fair,False,False,False,False,False,False,False,False,False,False,False,True,False,Night,Night,Night,Night
C-1851643,4,2020-09-03 07:00:00.000000000,2020-09-30 07:45:00.000000000,39.766098,-104.978207,39.765767,-104.977772,0.0325079596257,Construction on 33RD ST SB near LARIMER ST Expect delays.,1532.0,33rd St,L,Denver,Denver,CO,80205,US,US/Mountain,KBKF,2020-09-03 06:58:00,54.0,54.0,57.0,24.62,10.0,CALM,0.0,0.0,Mostly Cloudy,True,False,True,False,False,False,False,False,False,True,False,False,False,Day,Day,Day,Day
C-1851644,2,2018-07-24 07:00:00.000000000,2018-07-27 18:01:00.000000000,40.536629,-104.601418,,,0.0,Road closed due to maintenance work on County Road 49 both ways from County Road 74 to County Road 76.,23999.0,County Road 76,R,Eaton,Weld,CO,80615-9421,US,US/Mountain,KGXY,2018-07-24 06:56:00,64.0,,87.0,30.2,10.0,NNE,5.8,,Overcast,False,False,False,False,False,False,False,False,False,False,False,False,False,Day,Day,Day,Day
C-1851645,2,2021-10-29 08:31:30.000000000,2021-10-29 09:10:00.000000000,39.740095,-104.851701,39.740097,-104.847117,0.243545884893,Stationary traffic on US-40 E - I-70 Bus E - US-287 S from Havana St (Colfax Ave) to Peoria St (Colfax Ave) due to roadwork.,11698.0,E Colfax Ave,R,Aurora,Arapahoe,CO,80010-5006,US,US/Mountain,KBKF,2021-10-29 08:58:00,51.0,51.0,37.0,24.52,10.0,SSW,10.0,0.0,Fair,False,False,True,False,False,False,False,False,False,False,False,True,False,Day,Day,Day,Day
C-1851646,2,2020-12-13 12:59:00.000000000,2020-12-14 00:27:21.000000000,40.724228,-73.997771,40.722186,-74.000654,0.2066312063789999,Slow traffic from W Houston St / E Houston St to Mercer St due to roadwork.,73.0,Prince St,R,New York,New York,NY,10012-3226,US,US/Eastern,KJRB,2020-12-13 12:51:00,60.0,60.0,51.0,29.83,10.0,W,10.0,0.0,Fair,True,False,True,False,False,False,True,False,True,False,False,True,False,Day,Day,Day,Day
C-1851647,2,2019-07-17 09:02:32.000000000,2019-08-30 15:30:00.000000000,25.861792,-80.209687,25.85722,-80.20951099999998,0.316084589007,At NW 94th St - Construction work. Right lane blocked.,9496.0,NW 7th Ave,L,Miami,Miami-Dade,FL,33150-2014,US,US/Eastern,KOPF,2019-07-17 08:53:00,87.0,87.0,67.0,30.12,10.0,SSE,7.0,0.0,Fair,False,False,False,False,False,False,False,False,True,False,False,True,False,Day,Day,Day,Day
C-1851648,2,2021-04-13 05:34:00.000000000,2021-04-13 11:28:24.000000000,33.553096000000004,-112.122889,33.553094,-112.11634,0.3770957609749999,Slow traffic from 35th Ave (W Northern Ave) to I-17 (W Northern Ave) due to roadwork.,2973.0,W Northern Ave,L,Phoenix,Maricopa,AZ,85051-6611,US,US/Mountain,KDVT,2021-04-13 05:53:00,65.0,65.0,36.0,28.15,10.0,ESE,3.0,0.0,Fair,True,False,False,False,False,False,False,False,True,False,False,False,False,Night,Day,Day,Day
C-1851649,2,2020-11-11 14:17:30.000000000,2020-11-12 02:58:53.000000000,25.769497,-80.337059,25.769525,-80.33645200000002,0.0378183277508,Stationary traffic from FL-985/107th Ave/Avenue of the Americas (W Flagler St/FL-968) to FL-973/87th Ave/Galloway Rd (W Flagler St/FL-968) due to roadwork.,8722.0,W Flagler St,L,Miami,Miami-Dade,FL,33174-2404,US,US/Eastern,KMIA,2020-11-11 14:20:00,83.0,83.0,79.0,29.83,10.0,SSE,15.0,0.0,Cloudy,False,False,True,False,False,False,False,False,False,False,False,True,False,Day,Day,Day,Day
C-1851650,2,2021-06-23 07:24:00.000000000,2021-06-23 09:03:00.000000000,37.413599,-82.451138,37.416265,-82.453245,0.217486853421,Stationary traffic on KY-80 - US-460 E - US-460 W from KY-195 (US-460) to Collins Hwy (US-460) due to roadwork.,5459.0,E Shelbiana Rd,L,Pikeville,Pike,KY,41501-7818,US,US/Eastern,KK22,2021-06-23 07:53:00,57.0,57.0,72.0,28.7,10.0,CALM,0.0,0.0,Fair,False,False,False,False,False,False,False,False,False,False,False,False,False,Day,Day,Day,Day
C-1851651,2,2021-11-11 08:26:00.000000000,2021-11-11 08:47:00.000000000,27.903706,-81.600611,27.89816,-81.59997,0.385185903173,Slow traffic on US-27 S - FL-25 from Washington Ave (US-27) to FL-60 (US-27) due to roadwork.,19658.0,Highway 27,R,Lake Wales,Polk,FL,33853,US,US/Eastern,KBOW,2021-11-11 08:50:00,72.0,72.0,88.0,29.99,8.0,E,5.0,0.0,Mostly Cloudy,False,False,False,False,False,False,False,False,False,False,False,False,False,Day,Day,Day,Day
C-1851652,2,2021-08-22 08:19:30.000000000,2021-08-22 09:44:00.000000000,42.069961,-122.603613,42.060434,-122.607421,0.6866218325040001,Slow traffic on OR-99 S - Pacific Highway 1 S - I-5 S from Old Siskiyou Hwy/Exit 6 (I-5) to OR-99/Exit 1 (I-5) due to roadwork.,,I-5 S,R,Ashland,Jackson,OR,97520,US,US/Pacific,KMFR,2021-08-22 08:23:00,57.0,57.0,64.0,28.48,2.0,CALM,0.0,0.0,Haze,False,False,False,False,False,False,False,False,False,False,False,False,False,Day,Day,Day,Day
C-1851653,3,2020-06-09 01:32:30.000000000,2020-06-09 05:00:00.000000000,38.4972,-121.516403,,,2.1400001049,Entry ramp to I-5 Northbound from Florin Rd Westbound closed due to construction.,,I-5 N,R,Sacramento,Sacramento,CA,95831,US,US/Pacific,KSAC,2020-06-09 01:53:00,59.0,59.0,55.0,30.11,10.0,E,3.0,0.0,Fair,False,False,False,False,False,False,False,False,False,False,False,False,False,Night,Night,Night,Night
C-1851654,2,2021-12-28 10:08:30.000000000,2021-12-28 23:59:51.000000000,40.373836,-120.63341,40.370865,-120.643969,0.5925096664230001,Roadwork from Single Tree Ln to Circle Dr.,,701-122 Richmond Rd E,R,Susanville,Lassen,CA,96130-5027,US,US/Pacific,KRTS,2021-12-28 10:15:00,27.0,27.0,69.0,24.69,10.0,CALM,0.0,0.0,Partly Cloudy,False,False,False,False,False,False,False,False,False,False,False,False,False,Day,Day,Day,Day
C-1851655,2,2021-07-24 11:21:00.000000000,2021-07-24 11:42:30.000000000,42.660804,-84.06054,42.660745,-84.047375,0.66892382077,Stationary traffic from Grand Ave (Grand River Ave) to I-96 Bus (Howell) (West) (Grand River Ave) due to roadwork.,900.0,E Grand River Ave,R,Fowlerville,Livingston,MI,48836-9530,US,US/Eastern,KOZW,2021-07-24 11:15:00,80.0,80.0,82.0,28.94,5.0,SW,9.0,0.0,Mostly Cloudy,False,False,False,False,False,False,False,False,False,False,False,False,False,Day,Day,Day,Day
C-1851656,2,2020-06-26 08:31:34.000000000,2020-06-26 13:30:00.000000000,40.84917,-73.93944,40.85329,-73.96064,1.14395956538,Between Amsterdam Ave/Harlem River Dr and Hudson Ter/Palisades Pky - Roadwork. Right lane closed.,,Trans-Manhattan Expy W,R,New York,New York,NY,10033,US,US/Eastern,KNYC,2020-06-26 08:51:00,74.0,74.0,53.0,29.89,10.0,VAR,5.0,0.0,Fair,False,False,False,False,True,False,False,False,False,False,False,False,False,Day,Day,Day,Day
C-1851657,2,2020-09-04 13:05:00.000000000,2020-09-04 16:33:30.000000000,31.560013,-97.117757,31.536539,-97.129451,1.76200724137,Slow traffic on I-35 from Forrest St/Exit 336 (I-35) to 17th St/18th St/Exit 334 (I-35) due to roadwork.,,I-35 S,R,Waco,McLennan,TX,76704,US,US/Central,KCNW,2020-09-04 12:55:00,75.0,75.0,89.0,29.62,10.0,CALM,0.0,,Mostly Cloudy,False,False,False,False,False,False,False,False,False,False,False,False,False,Day,Day,Day,Day
C-1851658,2,2020-11-30 06:00:00.000000000,2021-01-19 06:00:00.000000000,31.821199,-93.02948,,,11.8100004196,Intermittent lane closures and restrictions due to construction work on US-71 from LA-1225 to LA-6 Natchitoches Rd.,6277.0,Highway 71,R,Natchitoches,Natchitoches,LA,71457-7398,US,US/Central,KIER,2020-11-30 05:55:00,40.0,31.0,77.0,30.12,10.0,NNW,18.0,0.0,Fair,False,False,False,False,False,False,False,False,False,False,False,False,False,Night,Night,Day,Day
C-1851659,2,2018-09-19 08:42:49.000000000,2018-09-19 17:00:00.000000000,37.853603,-122.283958,,,0.0,Restrictions due to sewer works on Burnett St both ways between CA-123 San Pablo Ave and Mabel St.,2910.0,Mabel St,R,Berkeley,Alameda,CA,94702-2460,US,US/Pacific,KOAK,2018-09-19 08:53:00,57.9,,87.0,29.93,7.0,South,5.8,,Overcast,False,False,False,False,False,False,False,False,False,False,False,False,False,Day,Day,Day,Day
C-1851660,2,2016-05-04 00:00:00.000000000,2019-11-11 10:08:02.000000000,41.11313,-95.93382,41.08356,-95.92828,2.06335468664,Between Capehart Rd and US-34/Platteview Rd - Roadwork. Lane closed.,,US-75 S,R,Bellevue,Sarpy,NE,68123,US,US/Central,KOFF,2016-05-04 00:58:00,56.8,,68.0,29.86,10.0,WNW,10.4,,Clear,False,False,False,False,False,False,False,False,False,False,False,False,False,Night,Night,Night,Night
C-1851661,2,2020-11-13 13:17:00.000000000,2020-11-14 01:23:02.000000000,27.841019,-82.78714000000002,27.839668,-82.787625,0.0979354792626999,Stationary traffic on US-19 Alt S - FL-595 from Johnson Blvd to Park Blvd due to roadwork.,7564.0,Seminole Blvd,L,Seminole,Pinellas,FL,33772-5428,US,US/Eastern,KPIE,2020-11-13 12:53:00,81.0,81.0,69.0,30.0,10.0,NE,5.0,0.0,Fair,False,False,False,False,False,False,False,False,False,False,False,False,False,Day,Day,Day,Day
C-1851662,3,2021-03-18 01:15:36.000000000,2021-03-18 04:00:00.000000000,47.673683,-117.109047,,,0.0,Intermittent lane closures due to bridge maintenance work on I-90 Eastbound at Harvard Rd.,,N Liberty Lake Rd,R,Liberty Lake,Spokane,WA,99019,US,US/Pacific,KSFF,2021-03-18 00:53:00,40.0,40.0,68.0,27.9,10.0,NNE,3.0,0.0,Fair,False,False,False,False,False,False,False,False,False,False,False,False,False,Night,Night,Night,Night
C-1851663,2,2021-10-28 13:29:03.000000000,2021-10-28 15:30:46.000000000,26.261677,-80.282308,26.258073,-80.282259,0.249031193174,Stationary traffic from FL-834/W Sample Rd (Coral Ridge Dr) to FL-814/W Atlantic Blvd (Coral Ridge Dr) due to roadwork.,2500.0,Coral Ridge Dr,L,Coral Springs,Broward,FL,33065,US,US/Eastern,KFXE,2021-10-28 13:53:00,89.0,89.0,59.0,29.79,10.0,SSW,17.0,0.0,Partly Cloudy,False,False,False,False,False,False,False,False,False,False,False,False,False,Day,Day,Day,Day
C-1851664,2,2021-08-28 13:59:30.000000000,2021-08-28 15:33:30.000000000,41.856642,-87.644192,41.880886,-87.645525,1.67650437172,Slow traffic on I-94 W - I-90 W - Dan Ryan Expy N - Kennedy Expy W from Canalport Ave/Cermak Rd/Exit 53 (I-90/I-94) to Monroe St/Exit 51E (I-90/I-94) due to roadwork.,,Dan Ryan Expy N,R,Chicago,Cook,IL,60616,US,US/Central,KMDW,2021-08-28 13:53:00,92.0,92.0,50.0,29.4,10.0,SSW,10.0,0.0,Partly Cloudy,False,False,True,False,False,False,False,False,False,False,False,False,False,Day,Day,Day,Day
C-1851665,2,2021-04-19 08:00:00.000000000,2021-04-23 17:15:00.000000000,32.970415,-112.686834,32.971009,-112.686585,0.0435055145455,Construction on OLD US HIGHWAY 80 near WATERMELON RD Allow extra time.,52507.0,Old US Highway 80,L,Gila Bend,Maricopa,AZ,85337,US,US/Mountain,KGXF,2021-04-19 07:55:00,59.0,59.0,29.0,28.9,4.0,CALM,0.0,0.0,Haze,False,False,False,False,False,False,False,False,False,False,False,False,False,Day,Day,Day,Day
C-1851666,3,2018-11-27 22:00:00.000000000,2018-11-28 05:00:00.000000000,30.105972,-90.498634,,,0.0,Intermittent lane closures due to construction during the night on I-10 Eastbound at LA-3188 Belle Terre Blvd.,,I-10 W,R,LA Place,St. John the Baptist,LA,70068,US,US/Central,KMSY,2018-11-27 21:53:00,43.0,,86.0,30.2,10.0,Calm,,,Partly Cloudy,False,False,False,False,False,False,False,False,False,False,False,False,False,Night,Night,Night,Night
C-1851667,2,2020-10-30 12:51:30.000000000,2020-10-31 02:00:00.000000000,43.666888,-116.354495,43.662988,-116.354545,0.269475924483,Stationary traffic on ID-55 from ID-44 Byp/S Eagle Rd (ID-55) to US-20/US-26/Chinden Blvd (ID-55) due to roadwork.,,S Eagle Rd,R,Eagle,Ada,ID,83616,US,US/Mountain,KBOI,2020-10-30 12:53:00,63.0,63.0,26.0,27.03,10.0,CALM,0.0,0.0,Fair,False,False,True,False,False,False,False,False,False,False,False,True,False,Day,Day,Day,Day
C-1851668,4,2019-03-02 07:16:28.000000000,2019-03-02 12:15:54.000000000,47.01733,-122.90587,47.023421,-122.903788,0.43212351273,Closed at US-101/Exit 104 - Closed due to roadwork.,,I-5 N,R,Olympia,Thurston,WA,98501,US,US/Pacific,KOLM,2019-03-02 06:54:00,24.1,,91.0,30.15,10.0,Calm,,,Clear,False,False,False,False,True,False,False,False,False,False,False,False,False,Day,Day,Day,Day
C-1851669,2,2021-05-10 04:47:06.000000000,2021-05-17 01:54:10.000000000,36.089704,-95.975997,36.088965,-96.017464,2.31584639064,Roadwork on Lewis Ave/Exit 227 (I-44) from US-75/Exit 224 (I-44) to OK-66 W - I-44 W.,,E Skelly Dr,R,Tulsa,Tulsa,OK,74105,US,US/Central,KRVS,2021-05-10 04:53:00,52.0,52.0,77.0,29.38,10.0,NNE,7.0,0.0,Cloudy,False,False,False,False,False,False,False,False,False,False,False,False,False,Night,Night,Night,Day
C-1851670,2,2021-04-11 09:00:30.000000000,2021-11-15 09:05:52.000000000,33.393384999999995,-111.80224,33.393349,-111.806283,0.23324138581,Slow traffic from S Gilbert Rd (E Southern Ave) to S Mesa Dr (E Southern Ave) due to roadwork.,1201.0,S Doran,L,Mesa,Maricopa,AZ,85204-5901,US,US/Mountain,KFFZ,2021-04-11 08:51:00,70.0,70.0,18.0,28.55,10.0,E,8.0,0.0,Partly Cloudy,False,False,False,False,False,False,False,False,False,False,False,False,False,Day,Day,Day,Day
C-1851671,3,2018-09-06 20:36:24.000000000,2018-09-07 05:30:00.000000000,39.94397,-75.11372,39.926502,-75.116125,1.21363071619,Between CR-537/Dr ML King Jr Blvd/Exit 5A and Atlantic Ave/Exit 4 - Construction work. Two lanes blocked.,,I-676 S,R,Camden,Camden,NJ,08103,US,US/Eastern,KPHL,2018-09-06 20:36:00,77.0,,82.0,30.12,10.0,NNE,10.4,0.01,Overcast,False,False,False,False,True,False,False,False,False,False,False,False,False,Night,Night,Night,Day
C-1851672,2,2020-05-22 01:45:36.000000000,2020-05-22 05:30:00.000000000,40.84666,-73.94306,40.84961,-73.94194,0.212064809673,Ramp to I-95/Cross Bronx Expy Southbound (Upper Level) - Construction work. Ramp restrictions.,,Riverside Dr,R,New York,New York,NY,10032,US,US/Eastern,KNYC,2020-05-22 01:51:00,55.0,,80.0,30.16,10.0,,,0.0,Fair,False,False,False,False,True,False,False,False,False,False,False,False,False,Night,Night,Night,Night
C-1851673,2,2019-04-11 08:50:56.000000000,2019-04-11 12:50:56.000000000,45.620257,-118.655769,45.679313,-118.858112,10.5906152243,Between Poverty Flat Rd/Exit 224 and Barnhart Rd/Exit 202 - Maintenance work.,,I-84 W,R,Pendleton,Umatilla,OR,97801,US,US/Pacific,KPDT,2019-04-11 08:53:00,46.0,40.0,83.0,28.46,6.0,W,14.0,0.01,Light Rain,False,False,False,False,False,False,False,False,False,False,False,False,False,Day,Day,Day,Day
C-1851674,2,2021-07-23 10:00:00.000000000,2021-07-23 15:45:00.000000000,40.871086,-73.427397,40.870828,-73.429772,0.125361521511,Construction on NY-25A WB near WALL ST Expect delays.,2.0,Wall St,R,Huntington,Suffolk,NY,11743-2062,US,US/Eastern,KFRG,2021-07-23 09:53:00,76.0,76.0,52.0,30.04,10.0,NNE,12.0,0.0,Fair,False,False,True,False,False,False,False,False,False,False,False,True,False,Day,Day,Day,Day
C-1851675,2,2021-12-14 13:39:00.000000000,2021-12-14 16:04:23.000000000,32.870967,-97.339577,32.871475,-97.342423,0.1688448957799999,Slow traffic on FM-156 from Cloudcroft Ln to Highland Station Dr due to roadwork.,,Cloudcroft Ln,R,Fort Worth,Tarrant,TX,76131,US,US/Central,KFWD,2021-12-14 13:53:00,75.0,75.0,64.0,29.33,10.0,S,17.0,0.0,Cloudy,False,False,False,False,False,False,False,False,False,False,False,False,False,Day,Day,Day,Day
C-1851676,3,2020-05-24 15:52:58.000000000,2020-05-24 17:52:23.000000000,42.46849,-83.10893,42.46877,-83.10905,0.0202898770604,At I-696/Exit 61 - Roadwork. Roadway reduced to 2 lanes.,,Chrysler Fwy N,R,Hazel Park,Oakland,MI,48030,US,US/Eastern,KDET,2020-05-24 15:53:00,84.0,84.0,61.0,29.28,10.0,S,20.0,0.0,Fair,False,False,False,False,False,False,False,False,False,False,False,True,False,Day,Day,Day,Day
C-1851677,2,2020-10-09 04:02:00.000000000,2020-10-10 04:55:58.000000000,41.043344,-76.299973,41.040504,-76.310423,0.5788475806050001,Construction on US-11 SB near PRIVATE DR Allow extra time.,7458.0,Columbia Blvd,R,Berwick,Columbia,PA,18603-5759,US,US/Eastern,KAVP,2020-10-09 03:54:00,47.0,47.0,74.0,29.13,10.0,ESE,3.0,0.0,Cloudy,False,False,False,False,False,False,False,False,False,False,False,False,False,Night,Night,Night,Night
C-1851678,2,2021-02-15 02:38:30.000000000,2021-02-16 05:24:30.000000000,34.746733,-92.262944,34.734804,-92.26173,0.8270924705730001,Slow traffic on US-65 S - US-167 S - I-30 W from US-70/E Broadway St/Exit 141 (I-30) to I-630/Exit 139 (I-30) due to roadwork.,,I-30 W,R,Little Rock,Pulaski,AR,72201,US,US/Central,KLIT,2021-02-15 02:34:00,12.0,-4.0,80.0,29.98,2.0,N,15.0,0.01,Light Snow,False,False,False,False,True,False,False,False,False,False,False,False,False,Night,Night,Night,Night
C-1851679,4,2019-07-04 06:40:05.000000000,2019-07-04 11:39:28.000000000,43.61169,-116.59445,43.609559,-116.597181,0.200860283448,Closed at I-84/US-30 - Closed due to roadwork.,,Midland Blvd,R,Nampa,Canyon,ID,83687,US,US/Mountain,KMAN,2019-07-04 06:35:00,55.0,55.0,72.0,27.32,10.0,NNE,5.0,0.0,Fair,False,False,False,False,False,False,False,False,False,False,False,True,False,Day,Day,Day,Day
C-1851680,2,2019-09-16 12:39:00.000000000,2019-09-16 16:00:00.000000000,35.09677,-77.02748000000003,35.097725,-77.023638,0.226992897443,At US-70 - Maintenance work. Right lane closed.,,NC-55 N,R,New Bern,Craven,NC,28560,US,US/Eastern,KEWN,2019-09-16 12:54:00,86.0,86.0,61.0,30.0,10.0,ENE,12.0,0.0,Fair,False,False,False,False,False,False,False,False,False,False,False,False,False,Day,Day,Day,Day
C-1851681,2,2020-08-27 03:23:13.000000000,2020-08-27 07:45:00.000000000,37.919515,-81.270257,37.969465,-81.276167,3.4662071128900003,Construction on I-77 NB near MM 56 Expect delays.,,I-64 W,R,Mount Hope,Fayette,WV,25880,US,US/Eastern,KBKW,2020-08-27 03:51:00,68.0,68.0,96.0,27.47,8.0,S,3.0,0.0,Fair,False,False,False,False,False,False,False,False,False,False,False,False,False,Night,Night,Night,Night
C-1851682,3,2016-06-25 20:00:00.000000000,2016-06-26 10:00:00.000000000,40.09166,-75.409042,,,0.0,One lane closed due to maintenance work on I-76 Eastbound between Exit 266 PA-72 Lebanon Rd and Exit 326 Pennsylvania Tpke I-276.,,I-76 W,R,King of Prussia,Montgomery,PA,19406,US,US/Eastern,KLOM,2016-06-25 19:55:00,78.8,,44.0,30.16,10.0,Calm,,,Clear,False,False,False,False,False,False,False,False,False,False,False,False,False,Day,Day,Day,Day
C-1851683,2,2021-02-19 04:49:00.000000000,2021-02-19 19:06:34.000000000,25.684783,-80.43155,25.68584,-80.429948,0.123627583948,Stationary traffic on FL-94 from SW 149th Ave to SW 86th St due to roadwork.,14800.0,SW 88th St,R,Miami,Miami-Dade,FL,33196-1482,US,US/Eastern,KTMB,2021-02-19 04:53:00,77.0,77.0,84.0,30.04,10.0,S,3.0,0.0,Mostly Cloudy,False,False,False,False,False,False,False,False,False,False,False,False,False,Night,Night,Night,Night
C-1851684,2,2021-06-18 12:13:29.000000000,2021-07-20 16:36:04.000000000,40.685669,-73.978711,40.681815,-73.97582,0.30635355772,Slow traffic from Nevins St (Flatbush Ave) to Grand Army Plz (Grand Army Plz/Flatbush Ave) due to roadwork.,102.0,Flatbush Ave,L,Brooklyn,Kings,NY,11217-1412,US,US/Eastern,KJRB,2021-06-18 11:51:00,80.0,80.0,31.0,29.9,10.0,WSW,7.0,0.0,Fair,True,False,False,False,False,False,True,False,True,False,False,True,False,Day,Day,Day,Day
C-1851685,2,2017-04-19 21:01:59.000000000,2017-04-20 03:01:59.000000000,40.560376,-74.166342,40.560381,-74.166365,0.0012557645375999,At Getz Ave - Construction work.,703.0,Arthur Kill Rd,L,Staten Island,Richmond,NY,10314,US,US/Eastern,KLDJ,2017-04-19 20:55:00,50.0,,74.0,30.3,10.0,Calm,,,Overcast,False,False,False,False,False,False,False,False,True,False,False,False,False,Night,Night,Night,Day
C-1851686,3,2020-06-03 10:09:48.000000000,2020-06-03 12:09:23.000000000,42.46849,-83.10893,42.46877,-83.10905,0.0202898770604,At Adams Rd/Exit 74 - Roadwork. Roadway reduced to 2 lanes.,,Chrysler Fwy N,R,Hazel Park,Oakland,MI,48030,US,US/Eastern,KDET,2020-06-03 09:53:00,77.0,77.0,60.0,29.09,10.0,WNW,15.0,0.0,Fair,False,False,False,False,False,False,False,False,False,False,False,True,False,Day,Day,Day,Day
C-1851687,3,2021-07-21 23:01:50.000000000,2021-07-22 05:00:00.000000000,33.063251,-117.291344,,,1.17999994755,Exit ramp from I-5 Northbound at Exit 43 to Leucadia Blvd Westbound closed due to construction work.,,I-5 N,R,Encinitas,San Diego,CA,92024,US,US/Pacific,KCRQ,2021-07-21 22:53:00,69.0,69.0,84.0,29.55,8.0,SSW,6.0,0.0,Fair,False,False,False,False,False,False,False,False,False,False,False,False,False,Night,Night,Night,Night
C-1851688,2,2021-10-20 18:12:30.000000000,2021-10-20 20:52:49.000000000,33.496301,-112.047617,33.494772999999995,-112.048697,0.122549641354,Slow traffic from E Glenrosa Ave to N 14th St due to roadwork.,4150.0,N 16th St,L,Phoenix,Maricopa,AZ,85014,US,US/Mountain,KPHX,2021-10-20 17:51:00,84.0,84.0,21.0,28.78,10.0,NNW,3.0,0.0,Partly Cloudy,True,False,False,False,False,False,False,False,True,False,False,False,False,Night,Day,Day,Day
C-1851689,2,2021-03-04 09:00:00.000000000,2021-03-04 16:30:00.000000000,33.94918,-83.699523,33.942609999999995,-83.71504300000002,0.998696880586,Lane closed on GA-316 - US-29 S from US-29 Bus/GA-53/Hog Mountain Rd (GA-316/US-29) to GA-11/Monroe Hwy (GA-316/University Pkwy/US-29) due to roadwork.,753.0,Harrison Mill Rd,L,Winder,Barrow,GA,30680-4307,US,US/Eastern,KWDR,2021-03-04 03:55:00,43.0,37.0,53.0,29.04,10.0,NNW,9.0,,Fair,False,False,False,False,False,False,False,False,False,False,False,False,False,Day,Day,Day,Day
C-1851690,2,2020-09-10 01:12:55.000000000,2020-09-12 06:59:00.000000000,44.15246,-73.429187,44.143355,-73.429964,0.63027389487,Roadwork on NY 9N both directions between Camp Dudley Road (South) (Westport) and Camp Dudley Road (North) (Westport) Not currently scheduled,5966.0,NYS Route 9N,R,Westport,Essex,NY,12993-2305,US,US/Eastern,K6B0,,,,,,,,,,,False,False,False,False,False,False,False,False,False,False,False,False,False,Night,Night,Night,Night
C-1851691,2,2021-04-01 05:13:00.000000000,2021-04-01 11:12:26.000000000,33.508287,-112.27585,33.508291,-112.271408,0.2559060138639999,Slow traffic from N 107th Ave (W Camelback Rd) to AZ-101 (W Camelback Rd) due to roadwork.,9920.0,W Camelback Rd,R,Glendale,Maricopa,AZ,85307,US,US/Mountain,KGEU,2021-04-01 04:58:00,62.0,62.0,19.0,28.81,10.0,N,7.0,0.0,Fair,False,False,False,False,False,False,False,False,False,False,False,False,False,Night,Night,Night,Day
C-1851693,4,2020-04-09 17:34:13.000000000,2020-04-09 22:33:06.000000000,41.96081,-87.73982,41.96075,-87.74507,0.269766629319,Closed between N Kostner Ave and IL-50/N Cicero Ave - Closed for bridge demolition work.,4429.0,W Montrose Ave,L,Chicago,Cook,IL,60641-2021,US,US/Central,KORD,2020-04-09 17:51:00,44.0,35.0,40.0,29.05,10.0,NW,23.0,0.0,Light Snow / Windy,True,False,True,False,False,False,False,False,True,False,False,True,False,Day,Day,Day,Day
C-1851694,2,2021-02-12 14:40:00.000000000,2021-02-12 18:41:27.000000000,36.04641,-90.213085,36.04636,-90.230955,0.998310915799,Roadwork on MO-K (MO-164) from MO-108 (MO-164) to MO-164.,9799.0,State Highway 164,R,Arbyrd,Dunklin,MO,63821-9194,US,US/Central,KBYH,2021-02-12 14:30:00,,,,29.99,,,,0.0,Cloudy,False,False,False,False,False,False,False,False,False,False,False,False,False,Day,Day,Day,Day
C-1851695,2,2021-09-18 09:00:00.000000000,2021-09-18 15:45:00.000000000,42.635486,-83.315393,42.635513,-83.314691,0.0357317278861,Construction on M-59 EB near W HURON ST Right lane closed. Expect delays.,622.0,W Huron St,R,Pontiac,Oakland,MI,48341-1520,US,US/Eastern,KPTK,2021-09-18 08:53:00,61.0,61.0,70.0,29.15,10.0,N,8.0,0.0,Mostly Cloudy,False,False,False,False,False,False,False,False,True,False,False,False,False,Day,Day,Day,Day
C-1851696,2,2018-01-29 10:22:06.000000000,2018-02-03 23:59:00.000000000,35.849743,-86.399353,,,0.930000007153,Intermittent lane closures due to construction work on Memorial Blvd both ways between Ridgely Rd and US-231 Broad St.,,NW Broad St,R,Murfreesboro,Rutherford,TN,37129,US,US/Central,KMQY,2018-01-29 09:56:00,46.0,40.6,58.0,30.28,10.0,NNW,11.5,,Clear,False,False,False,False,False,False,False,False,False,False,False,True,False,Day,Day,Day,Day
C-1851697,2,2021-01-22 22:51:11.000000000,2021-01-23 03:06:47.000000000,34.559921,-92.61386,34.553389,-92.621133,0.612343327325,Slow traffic on US-67 S - AR-88 W - US-70 W - I-30 W from Sevier St/Exit 116 (I-30) to US-67/Exit 114 (I-30) due to roadwork.,,US-67 S,R,Benton,Saline,AR,72015,US,US/Central,KLIT,2021-01-22 22:53:00,38.0,32.0,68.0,29.92,10.0,ENE,8.0,0.0,Fair,False,False,False,False,False,False,False,False,False,False,False,False,False,Night,Night,Night,Night
C-1851698,3,2017-05-19 20:55:32.000000000,2017-05-20 11:14:18.000000000,34.19924,-118.33798,34.200771,-118.338167,0.106320427104,At Buena Vista St/San Fernando Blvd - Roadwork.,,N Buena Vista St,R,Burbank,Los Angeles,CA,91504,US,US/Pacific,KBUR,2017-05-19 20:53:00,77.0,,19.0,29.88,10.0,WSW,5.8,,Clear,False,False,False,False,True,False,False,False,False,False,False,False,False,Night,Night,Night,Day
C-1851699,2,2020-06-11 08:21:01.000000000,2020-06-11 17:01:00.000000000,40.208782,-106.424744,,,4.8000001907300005,Intermittent lane closures speed restriction and single alternate line traffic due to maintenance work on US-40 Westbound between CR-230 and Chimney Rock Rd.,19914.0,US Highway 40,L,Kremmling,Grand,CO,80459-9603,US,US/Mountain,K20V,2020-06-11 08:30:00,45.0,45.0,66.0,23.2,10.0,CALM,0.0,0.0,Fair,False,False,False,False,False,False,False,False,False,False,False,False,False,Day,Day,Day,Day
C-1851700,2,2020-12-14 16:22:00.000000000,2020-12-14 22:30:22.000000000,46.311861,-123.484525,46.309268,-123.47928600000002,0.307598535388,Construction on SR 4 both directions at milepost 25.8 near West Fork Creek use caution in the area beginning at 8:22 am on December 14 2020 until further notice.,2087.0,W State Road 4,L,Skamokawa,Wahkiakum,WA,98647,US,US/Pacific,KAST,2020-12-14 15:55:00,45.0,42.0,82.0,30.24,10.0,SE,6.0,0.0,Fair,False,False,False,False,False,False,False,False,False,False,False,False,False,Day,Day,Day,Day
C-1851701,4,2020-07-31 05:07:59.000000000,2020-08-01 05:07:59.000000000,41.24206,-81.80806,41.26119,-81.80796,1.32176732347,Closed at Grafton Rd - Closed due to roadwork.,1242.0,N Carpenter Rd,L,Brunswick,Medina,OH,44212-3167,US,US/Eastern,KCLE,2020-07-31 04:51:00,68.0,68.0,78.0,29.03,10.0,NNE,6.0,0.0,Fair,False,False,False,False,False,False,False,False,False,False,False,False,False,Night,Night,Night,Day
C-1851702,2,2021-11-03 22:50:30.000000000,2021-11-04 00:53:20.887604400,40.579829,-111.977231,40.573258,-111.977278,0.454019559728,Stationary traffic on UT-154 from W 9000 S (Bangerter Hwy/UT-154) to W 9800 S (Bangerter Hwy/UT-154) due to roadwork.,9418.0,Bangerter Hwy,R,South Jordan,Salt Lake,UT,84009,US,,,,,,,,,,,,,False,False,False,False,False,False,False,False,False,False,False,True,False,Night,Night,Night,Night
C-1851703,2,2021-02-05 11:13:00.000000000,2021-02-05 18:46:43.000000000,40.703932,-73.817509,40.702467,-73.815945,0.13021913517,Slow traffic from Hillside Ave to 138th St due to roadwork.,13698.0,Hillside Ave,R,Richmond Hill,Queens,NY,11418-1934,US,US/Eastern,KJFK,2021-02-05 10:51:00,38.0,30.0,86.0,29.7,10.0,SSW,12.0,0.0,Light Rain,False,False,True,False,False,False,False,False,True,False,False,True,False,Day,Day,Day,Day
C-1851704,2,2021-03-01 14:54:02.000000000,2021-03-01 18:12:26.000000000,32.738023,-96.823981,32.72334,-96.826859,1.02819714213,Slow traffic on US-67 S - US-77 S - R L Thornton Fwy S - I-35E S from Beckley Ave/Exit 425B (I-35E) to Illinois Ave/Exit 424 (I-35E) due to roadwork.,,I-35E S,R,Dallas,Dallas,TX,75208,US,US/Central,KRBD,2021-03-01 14:53:00,57.0,57.0,51.0,29.5,10.0,NNE,9.0,0.0,Mostly Cloudy,False,False,False,False,False,False,False,False,False,False,False,False,False,Day,Day,Day,Day
C-1851705,3,2017-03-14 05:56:00.000000000,2017-03-14 11:56:00.000000000,33.87343,-118.01173,33.882459999999995,-118.026581,1.0559373500700002,Between Artesia Blvd and Valley View Rd - Roadwork.,14899.0,Artesia Blvd,R,La Mirada,Los Angeles,CA,90638-6006,US,US/Pacific,KFUL,2017-03-14 05:53:00,53.1,,93.0,30.02,3.0,Calm,,,Clear,False,False,False,False,False,False,False,False,False,False,False,False,False,Night,Night,Night,Day
C-1851706,2,2021-09-04 14:16:07.000000000,2021-09-04 17:02:29.000000000,44.984484,-93.349112,44.984469,-93.348852,0.0127483098532999,Construction on MN-55 near MN-100 Allow extra time.,,Olson Memorial Hwy,R,Minneapolis,Hennepin,MN,55422,US,US/Central,KMIC,2021-09-04 13:53:00,76.0,76.0,46.0,28.97,10.0,WNW,12.0,0.0,Fair,False,False,False,False,False,False,False,False,False,False,False,False,False,Day,Day,Day,Day
C-1851707,2,2019-05-04 09:00:00.000000000,2019-05-04 15:01:00.000000000,38.900925,-104.682907,,,9.56000041962,Intermittent lane closures due to construction during the day time on Barnes Rd both ways from Solar Ridge Dr to Marksheffel Rd.,7797.0,Barnes Rd,R,Colorado Springs,El Paso,CO,80922-3518,US,US/Mountain,KCOS,2019-05-04 08:54:00,55.0,55.0,51.0,23.92,10.0,NNE,3.0,0.0,Mostly Cloudy,False,False,False,False,False,False,False,False,False,False,False,True,False,Day,Day,Day,Day
C-1851708,2,2020-06-19 08:30:00.000000000,2020-06-19 15:30:00.000000000,39.74021,-104.98956,39.74021,-104.98956,0.0,At 15th St - Construction work.,217.0,W Colfax Ave,R,Denver,Denver,CO,80202-5304,US,US/Mountain,KBJC,2020-06-19 08:55:00,55.0,55.0,82.0,24.54,10.0,N,5.0,0.0,Mostly Cloudy,False,False,False,False,False,False,False,False,False,False,False,False,False,Day,Day,Day,Day
C-1851709,2,2021-04-12 06:31:30.000000000,2021-04-12 14:18:10.000000000,25.85275,-80.120387,25.85611,-80.121427,0.240991576477,Slow traffic on FL-934 - FL-A1A from 67th St to Abbott Ave due to roadwork.,6815.0,Collins Ave,R,Miami Beach,Miami-Dade,FL,33141-3243,US,US/Eastern,KOPF,2021-04-12 06:53:00,69.0,69.0,90.0,29.8,10.0,SSW,7.0,0.0,Partly Cloudy,True,False,True,False,False,False,False,False,False,False,False,True,False,Night,Night,Day,Day
C-1851710,2,2021-03-06 08:09:00.000000000,2021-03-06 17:58:15.000000000,29.64825,-82.372288,29.65046,-82.373077,0.1598774307239999,Slow traffic on FL-121 from Radio Rd to SW 35th Ter due to roadwork.,433.0,SW 34th St,R,Gainesville,Alachua,FL,32607-2857,US,US/Eastern,KGNV,2021-03-06 07:53:00,57.0,57.0,77.0,29.88,6.0,ENE,6.0,0.0,Light Rain,False,False,True,False,False,False,False,False,False,False,False,False,False,Day,Day,Day,Day
C-1851711,2,2020-09-24 08:25:00.000000000,2020-09-29 08:46:44.000000000,43.599447,-91.221767,43.629647,-91.221027,2.08694959407,Roadwork on WI-35 from Main St (WI-35) to Division St (WI-35).,,N238 Great River Rd,R,Genoa,Vernon,WI,54632-8849,US,US/Central,KY51,2020-09-24 08:15:00,60.0,60.0,100.0,28.52,10.0,SE,6.0,0.0,Cloudy,False,False,False,False,False,False,False,False,False,False,False,False,False,Day,Day,Day,Day
C-1851713,2,2021-06-21 14:36:01.000000000,2021-06-21 16:40:09.000000000,44.962684,-93.270859,44.96269,-93.267653,0.156736220466,Slow traffic on County Hwy-5 from Hennepin Ave (Franklin Ave) to Portland Ave (Franklin Ave) due to roadwork.,327.0,E Franklin Ave,R,Minneapolis,Hennepin,MN,55404-2665,US,US/Central,KMSP,2021-06-21 14:53:00,66.0,66.0,32.0,29.03,10.0,NW,14.0,0.0,Partly Cloudy,True,False,True,False,False,False,False,False,True,False,False,True,False,Day,Day,Day,Day
C-1851714,2,2021-08-30 17:25:00.000000000,2021-08-30 17:52:00.000000000,42.671829,-82.943428,42.671937,-82.939887,0.180040163374,Slow traffic from Hayes Rd (23 Mile Rd) to Card Rd (23 Mile Rd) due to roadwork.,18096.0,23 Mile Rd,R,Macomb,Macomb,MI,48044-1160,US,US/Eastern,KMTC,2021-08-30 16:56:00,81.0,81.0,50.0,29.25,10.0,NNW,7.0,0.0,Partly Cloudy,False,False,True,False,False,False,False,False,False,False,False,False,False,Day,Day,Day,Day
C-1851715,2,2018-04-10 10:00:00.000000000,2018-04-10 15:00:00.000000000,40.71331,-73.351189,,,4.96999979019,Intermittent lane closures due to construction work on NY-27 Sunrise Hwy both ways between Indiana Ave and Exit 38 Little East Neck Rd.,,Sunrise Hwy E,R,West Babylon,Suffolk,NY,11704,US,US/Eastern,KFRG,2018-04-10 09:53:00,39.0,34.8,86.0,30.17,9.0,WSW,5.8,,Overcast,False,False,False,False,False,False,False,False,False,False,False,False,False,Day,Day,Day,Day
C-1851716,2,2021-08-26 10:00:30.000000000,2021-08-26 12:15:44.000000000,40.881083,-73.87849399999998,40.882076,-73.88203100000001,0.197096588499,Slow traffic from Bainbridge Ave to Mosholu Pkwy N due to roadwork.,3498.0,Bainbridge Ave,R,Bronx,Bronx,NY,10467-2802,US,US/Eastern,KLGA,2021-08-26 09:51:00,87.0,87.0,53.0,30.1,10.0,CALM,0.0,0.0,Fair,False,False,False,False,False,False,False,False,False,False,False,True,False,Day,Day,Day,Day
C-1851717,2,2021-11-14 12:39:00.000000000,2021-11-14 15:34:35.000000000,35.508916,-97.618858,35.51238400000001,-97.61888,0.239619173674,Slow traffic from NW 23rd St (N MacArthur Blvd) to NW 50th St (N MacArthur Blvd) due to roadwork.,3790.0,N MacArthur Blvd,R,Warr Acres,Oklahoma,OK,73122-2016,US,US/Central,KPWA,2021-11-14 12:53:00,60.0,60.0,36.0,28.79,10.0,NE,10.0,0.0,Fair,False,False,False,False,False,False,False,False,False,False,False,False,False,Day,Day,Day,Day
C-1851718,2,2021-02-14 20:32:00.000000000,2021-02-14 21:16:30.000000000,36.941128000000006,-97.054888,36.904023,-97.054277,2.56393346804,Slow traffic on US-77 S - US-77 N from OK--KS State Border (US-77) to N3330 Rd/South St (US-77) due to roadwork.,10222.0,N Highway 77,R,Newkirk,Kay,OK,74647-7380,US,US/Central,KPNC,2021-02-14 21:53:00,0.0,-22.0,63.0,29.4,10.0,NNE,20.0,0.0,Mostly Cloudy,False,False,False,False,False,False,False,False,False,True,False,False,False,Night,Night,Night,Night
C-1851719,2,2021-02-17 05:55:00.000000000,2021-02-17 11:02:50.000000000,26.180937,-80.15614599999998,26.180987,-80.153671,0.15350071481,Slow traffic from FL-870/W Commercial Blvd/NW 50th St (Prospect Rd) to FL-811/N Dixie Hwy (Prospect Rd) due to roadwork.,958.0,W Prospect Rd,L,Fort Lauderdale,Broward,FL,33309-4635,US,US/Eastern,KFXE,2021-02-17 05:53:00,72.0,72.0,97.0,30.03,7.0,SSE,5.0,0.0,Cloudy,False,False,False,False,False,False,False,False,False,False,False,False,False,Night,Night,Night,Day
C-1851720,2,2020-08-31 14:00:00.000000000,2020-09-01 06:59:00.000000000,42.54447800000001,-76.540848,42.544093,-76.540315,0.0379970297836,Expansion joint repairs on NY 34B northbound west of Auburn Road; NY 34 (Lansing) over Salmon River Monday August 31st 2020 07:00 AM thru 03:00 PM right lane closed,,Ridge Rd,R,Lansing,Tompkins,NY,14882,US,US/Eastern,KITH,2020-08-31 13:56:00,73.0,73.0,53.0,28.87,10.0,S,9.0,0.0,Partly Cloudy,False,False,False,False,False,False,False,False,False,False,False,False,False,Day,Day,Day,Day
C-1851721,2,2019-01-08 09:03:18.000000000,2019-01-13 09:02:30.000000000,29.524826,-95.138103,29.531149,-95.127111,0.792186271425,Between Nasa Blvd and Kobayashi Dr - Construction work.,,FM 528 Rd,R,Webster,Harris,TX,77598,US,US/Central,KEFD,2019-01-09 09:50:00,57.2,,44.0,30.48,10.0,NNE,11.5,,Mostly Cloudy,False,False,False,False,False,False,False,False,False,False,False,True,False,Day,Day,Day,Day
C-1851722,2,2020-07-28 16:00:00.000000000,2020-07-28 22:45:00.000000000,33.897467,-84.266649,33.891617,-84.259069,0.593602364835,Construction on I-285 EB near I-85 Construction. Left lane closed.,,GA-407 E,R,Atlanta,DeKalb,GA,30340,US,US/Eastern,KPDK,2020-07-28 15:53:00,86.0,86.0,61.0,28.94,10.0,SW,7.0,0.0,Fair,False,False,False,False,True,False,False,False,False,False,False,False,False,Day,Day,Day,Day
C-1851723,2,2021-06-23 15:53:16.000000000,2021-06-23 18:38:02.000000000,40.885237,-73.879406,40.88081500000001,-73.883496,0.372822831582,Slow traffic from I-87/Major Deegan Expy (North) (Jerome Ave) to Mosholu Pkwy (Jerome Ave) due to roadwork.,3555.0,Jerome Ave,L,Bronx,Bronx,NY,10471,US,US/Eastern,KLGA,2021-06-23 15:51:00,74.0,74.0,32.0,30.17,10.0,N,9.0,0.0,Partly Cloudy,False,False,False,False,False,False,True,False,False,False,False,True,False,Day,Day,Day,Day
C-1851724,2,2020-10-07 15:00:00.000000000,2020-10-08 00:45:00.000000000,40.491625,-123.610786,40.485511,-123.636356,1.40849382274,Construction on CA-36 WB near DINSMORE Expect delays.,43601.0,State Highway 36,R,Bridgeville,Humboldt,CA,95526-9612,US,US/Pacific,KFOT,2020-10-07 15:10:00,59.0,59.0,82.0,29.51,6.0,WNW,12.0,0.0,Partly Cloudy,False,False,False,False,False,False,False,False,False,False,False,False,False,Day,Day,Day,Day
C-1851725,2,2020-10-18 14:32:00.000000000,2020-10-19 01:07:29.000000000,25.946466,-80.147125,25.947572,-80.14814,0.0990770141298,Queuing traffic on US-1 N - FL-860 - FL-5 from NE 183rd St to W Dixie Hwy due to roadwork.,18491.0,Biscayne Blvd,L,Miami,Miami-Dade,FL,33180-2916,US,US/Eastern,KHWO,2020-10-18 14:53:00,87.0,87.0,65.0,29.96,10.0,ENE,16.0,0.0,Fair,False,False,False,False,False,False,False,False,False,False,False,False,False,Day,Day,Day,Day
C-1851726,4,2020-08-02 06:00:00.000000000,2020-08-03 14:44:00.000000000,37.541559,-122.285022,37.544314,-122.286233,0.201582411235,Construction on US-101 NB near E HILLSDALE BLVD Use alternate exit ramp.,,Bayshore Fwy N,R,San Mateo,San Mateo,CA,94403,US,US/Pacific,KSQL,2020-08-02 05:55:00,59.0,59.0,88.0,30.02,10.0,CALM,0.0,0.0,Mostly Cloudy,False,False,False,False,False,False,False,False,False,False,False,False,False,Night,Day,Day,Day
C-1851727,2,2020-10-22 03:05:30.000000000,2020-10-22 07:51:00.000000000,35.072715,-81.758115,35.055875,-81.787927,2.04849091612,Slow traffic on I-85 from Hyatt St/Exit 90 (I-85) to SC-110/Exit 83 (I-85) due to roadwork.,,I-85 S,R,Gaffney,Cherokee,SC,29341,US,US/Eastern,KEHO,2020-10-22 03:15:00,59.0,59.0,100.0,29.32,7.0,NE,3.0,0.0,Fair,False,False,False,False,False,False,False,False,False,False,False,False,False,Night,Night,Night,Night
C-1851728,2,2021-07-20 17:50:22.000000000,2021-07-20 18:10:22.000000000,39.763915,-86.316508,39.763774,-86.323195,0.355288415321,Stationary traffic on US-36 E - US-36 W from Country Club Rd (Rockville Rd/US-36) to Raceway Rd (Rockville Rd/US-36) due to roadwork.,8740.0,Rockville Rd,R,Indianapolis,Marion,IN,46234-2735,US,US/Eastern,KEYE,2021-07-20 17:53:00,83.0,83.0,54.0,29.15,10.0,WNW,10.0,0.0,Fair,False,False,False,False,False,False,False,False,False,False,False,False,False,Day,Day,Day,Day
C-1851729,2,2021-10-22 22:00:00.000000000,2021-10-23 06:00:00.000000000,33.651421,-117.761909,,,3.03999996185,Intermittent lane closures due to construction work on CA-133 Southbound from I-5 to I-405.,,I-405 S,R,Irvine,Orange,CA,92603,US,US/Pacific,KSNA,2021-10-22 21:53:00,65.0,65.0,75.0,29.9,10.0,CALM,0.0,0.0,Cloudy,False,False,False,False,False,False,False,False,False,False,False,False,False,Night,Night,Night,Night
C-1851730,2,2021-11-02 15:54:30.000000000,2021-11-02 17:58:57.000000000,33.523928999999995,-112.150009,33.523340999999995,-112.151495,0.0947464239724,Stationary traffic from N 42nd Ave to W Rancho Dr due to roadwork.,4225.0,W Bethany Home Rd,L,Phoenix,Maricopa,AZ,85019-1807,US,US/Mountain,KGEU,2021-11-02 15:58:00,83.0,83.0,21.0,28.85,10.0,ESE,5.0,0.0,Fair,False,False,False,False,False,False,False,False,True,False,False,False,False,Day,Day,Day,Day
C-1851731,4,2018-08-09 22:24:45.000000000,2018-08-10 04:24:45.000000000,42.859164,-78.869973,42.883462,-78.879099,1.7412722104799998,Closed between Fuhrmann Blvd/Tifft St and Edward St/Goodell St - Closed. Construction work.,,Buffalo Skwy N,R,Buffalo,Erie,NY,14203,US,US/Eastern,KBUF,2018-08-09 21:54:00,73.0,,84.0,29.88,10.0,WSW,10.4,,Scattered Clouds,False,False,True,False,False,False,False,False,False,False,False,True,False,Night,Night,Night,Night
C-1851732,2,2019-08-05 09:04:04.000000000,2019-08-09 09:03:30.000000000,38.89714,-77.06826,38.899,-77.07075,0.185589755281,At US-29/Lee Hwy/Exit 73 - Construction work.,,Custis Memorial Pkwy W,R,Arlington,Arlington,VA,22209,US,US/Eastern,KDCA,2019-08-05 08:52:00,78.0,78.0,68.0,29.97,10.0,NNE,9.0,0.0,Fair,False,False,True,False,False,False,False,False,False,False,False,True,False,Day,Day,Day,Day
C-1851733,2,2020-06-22 21:01:00.000000000,2020-06-23 04:01:00.000000000,38.58664,-121.44786,38.6112,-121.42654,2.05060228942,Between American River Bridge and El Camino Ave Overcrossing - Maintenance work.,,Capital City Fwy E,R,Sacramento,Sacramento,CA,95819,US,US/Pacific,KSAC,2020-06-22 20:53:00,79.0,79.0,48.0,29.79,10.0,SSW,9.0,0.0,Fair,False,False,False,False,False,False,False,False,False,False,False,False,False,Night,Day,Day,Day
C-1851734,2,2021-03-18 05:38:30.000000000,2021-03-18 18:26:47.000000000,30.159369,-92.04549,30.156084000000003,-92.04872,0.297911950304,Slow traffic from Camellia Blvd (Kaliste Saloom Rd/LA-3095) to LA-733/E Broussard Rd (Kaliste Saloom Rd/LA-3095) due to roadwork.,,Mimi Dr,R,Lafayette,Lafayette,LA,70508,US,US/Central,KLFT,2021-03-18 05:53:00,52.0,52.0,61.0,29.9,10.0,WNW,14.0,0.0,Fair,False,False,False,False,False,False,False,False,False,False,False,False,False,Night,Night,Night,Night
C-1851735,2,2021-12-09 17:10:48.000000000,2021-12-09 17:34:22.000000000,26.584549,-81.871802,26.596636,-81.871708,0.8351523566750001,Slow traffic on FL-45 - US-41 N from Fowler St/Boy Scout Dr (US-41) to FL-884/Colonial Blvd (US-41) due to roadwork.,5151.0,S Cleveland Ave,L,Fort Myers,Lee,FL,33907,US,US/Eastern,KFMY,2021-12-09 16:53:00,80.0,80.0,71.0,30.07,10.0,W,8.0,0.0,Fair,False,False,False,False,False,False,False,False,False,False,False,True,False,Day,Day,Day,Day
C-1851736,2,2017-10-18 08:01:00.000000000,2017-10-18 15:00:00.000000000,44.403953,-69.750539,44.409924,-69.747228,0.443747973441,At Lyons Rd/Exit 120 - Construction work. 2 lanes closed.,,I-95 N,R,Augusta,Kennebec,ME,04330,US,US/Eastern,KAUG,2017-10-18 07:53:00,45.0,43.5,65.0,30.16,10.0,Variable,3.5,,Clear,False,False,False,False,False,False,False,False,False,False,False,False,False,Day,Day,Day,Day
C-1851737,2,2019-04-01 04:23:47.000000000,2019-04-01 06:01:00.000000000,37.620789,-122.411041,,,0.0,One lane closed due to sewer works on CA-82 El Camino Real Southbound at Crystal Springs Rd.,386.0,El Camino Real,R,San Bruno,San Mateo,CA,94066-4946,US,US/Pacific,KSFO,2019-04-01 03:56:00,55.0,55.0,77.0,30.01,10.0,W,6.0,0.0,Mostly Cloudy,False,False,False,False,False,False,False,False,True,False,False,False,False,Night,Night,Night,Night
C-1851738,3,2020-03-20 08:04:41.000000000,2020-03-21 02:54:38.000000000,41.74793,-87.85970999999998,41.75962,-87.88858,1.69316397107,Between IL-171/Archer Ave and I-55/Stevenson Expy (South) - Roadwork. Right lane blocked.,,I-294 N,R,Willow Springs,Cook,IL,60480,US,US/Central,KMDW,2020-03-20 08:08:00,41.0,32.0,89.0,29.34,10.0,NNW,18.0,0.0,Cloudy,False,False,False,False,False,False,False,False,False,False,False,False,False,Day,Day,Day,Day
C-1851739,2,2021-11-30 16:08:00.000000000,2021-12-01 02:59:08.000000000,39.12275,-76.61047099999998,39.122851,-76.610403,0.00787301052655,Roadwork from Veterans Hwy (Old Mill Rd) to Oakwood Rd (Old Mill Blvd).,,Oakwood Rd,R,Millersville,Anne Arundel,MD,21108,US,US/Eastern,KFME,2021-11-30 16:15:00,45.0,45.0,53.0,29.8,10.0,CALM,0.0,,Fair,False,False,False,False,False,False,False,False,False,False,False,False,False,Day,Day,Day,Day
C-1851740,2,2021-11-29 07:44:04.000000000,2021-11-29 09:46:05.000000000,30.692594,-88.028848,30.692993,-88.03093199999998,0.126851855543,Stationary traffic on AL-16 - AL-13 - US-90 E - US-90 W - AL-42 - US-98 E - US-98 W from I-10 (Mobile) (US-98) to US-98/US-90 (US-98) due to roadwork.,,Battleship Pkwy,R,Mobile,Mobile,AL,36602,US,US/Central,KBFM,2021-11-29 07:53:00,48.0,44.0,80.0,30.19,10.0,NNW,8.0,0.0,Fair,False,False,False,False,False,False,False,False,False,False,False,False,False,Day,Day,Day,Day
C-1851741,2,2020-05-29 00:47:31.000000000,2020-08-12 17:16:58.000000000,36.81788,-114.05022,36.77379000000001,-114.24406,11.149085737,Between I-15-BL/Mesquite Blvd/Exit 120 and NV-170/Exit 112 - Roadwork. Roadway reduced to 1 lane.,,I-15 S,R,Littlefield,Mohave,AZ,86432,US,US/Mountain,KSGU,2020-05-29 00:56:00,82.0,82.0,18.0,26.97,10.0,E,8.0,0.0,Fair,False,False,False,False,False,False,False,False,False,False,False,False,False,Night,Night,Night,Night
C-1851742,2,2021-10-15 17:47:30.000000000,2021-10-15 18:08:00.000000000,42.154304,-87.957026,42.153457,-87.951918,0.268107320443,Slow traffic from IL-83/McHenry Rd (E Lake Cook Rd) to US-45/IL-21/Milwaukee Ave (E Lake Cook Rd) due to roadwork.,109.0,E Lake Cook Rd,L,Buffalo Grove,Lake,IL,60089-2261,US,US/Central,KPWK,2021-10-15 17:52:00,58.0,58.0,58.0,29.22,10.0,WNW,8.0,0.0,Fair,False,False,False,False,False,False,False,False,False,False,False,True,False,Day,Day,Day,Day
C-1851743,2,2021-07-07 17:32:56.000000000,2021-07-07 17:56:02.000000000,40.755981,-73.97694,40.76295800000001,-73.971871,0.5502399392239999,Slow traffic from E 42nd St (Madison Ave) to E 59th St (Madison Ave) due to roadwork.,,E 47th St,R,New York,New York,NY,10017,US,US/Eastern,KNYC,2021-07-07 17:51:00,89.0,89.0,53.0,29.79,8.0,CALM,0.0,0.0,Fair,True,False,False,False,False,False,True,False,True,False,False,True,False,Day,Day,Day,Day
C-1851744,2,2021-09-28 12:03:30.000000000,2021-09-28 14:58:30.000000000,41.812461,-87.723653,41.822957,-87.72393100000002,0.7253458040080001,Slow traffic from W 47th St (S Pulaski Rd) to I-55/Adlai E Stevenson Expy (S Pulaski Rd) due to roadwork.,4437.0,S Pulaski Rd,L,Chicago,Cook,IL,60632-4010,US,US/Central,KMDW,2021-09-28 11:53:00,71.0,71.0,47.0,29.35,10.0,E,12.0,0.0,Fair,False,False,False,False,False,False,False,False,False,False,False,True,False,Day,Day,Day,Day
C-1851745,2,2021-12-16 19:16:30.000000000,2021-12-16 21:53:38.000000000,40.681831,-73.979978,40.684075,-73.97765600000002,0.197080882481,Slow traffic from Saint Marks Pl to Flatbush Ave due to roadwork.,72.0,Saint Marks Pl,R,Brooklyn,Kings,NY,11217-2015,US,US/Eastern,KJRB,2021-12-16 18:51:00,61.0,61.0,48.0,29.84,10.0,WSW,7.0,0.0,Fair,True,False,True,False,False,False,False,False,False,False,False,True,False,Night,Night,Night,Night
C-1851746,2,2019-01-11 19:00:00.000000000,2019-01-14 05:00:00.000000000,47.682785,-122.344597,,,0.620000004768,BAT lane blocked due to construction work on WA-99 Aurora Ave Southbound from 82nd St to Winona Ave.,7399.0,Aurora Ave N,L,Seattle,King,WA,98103-5356,US,US/Pacific,KBFI,2019-01-11 18:53:00,50.0,,74.0,29.92,10.0,Calm,,,Clear,True,False,True,False,False,False,False,False,False,False,False,True,False,Night,Night,Night,Night
C-1851747,2,2021-04-15 20:00:00.000000000,2021-05-24 06:00:00.000000000,30.293866,-91.920938,30.292836,-91.924104,0.201842586116,Paving Operations on I-10 Both Directions from I-49 Southbound (103) to Anse Broussard Hwy (110) . Lanes Alternating. Starting 4/15/2021 8:00 PM and Ending 5/24/2021 6:00 AM,,I-10 W,R,Breaux Bridge,St. Martin,LA,70517,US,US/Central,KLFT,2021-04-15 19:53:00,69.0,69.0,75.0,29.82,10.0,NE,3.0,0.0,Fair,False,False,False,False,False,False,False,False,False,False,False,False,False,Night,Night,Day,Day
C-1851748,2,2020-05-13 21:11:06.000000000,2020-05-15 23:11:06.000000000,40.83481,-80.37361999999997,40.67946,-80.10451,17.7082642943,Between PA-60-TOLL/Exit 10 and US-19/Exit 3 - Roadwork. Right lane closed.,,I-76 W,R,New Galilee,Beaver,PA,16141,US,US/Eastern,KBVI,2020-05-13 21:15:00,55.0,55.0,29.0,28.85,10.0,CALM,0.0,,Fair,False,False,False,False,False,False,False,False,False,False,False,False,False,Night,Night,Day,Day
C-1851749,2,2019-05-13 10:00:00.000000000,2019-05-13 13:01:00.000000000,39.624302,-104.959824,,,0.40000000596,Right lane closed due to maintenance work on CO-88 Belleview Ave Eastbound from Race St to CO-177 University Blvd.,,E Belleview Ave,R,Englewood,Arapahoe,CO,80113,US,US/Mountain,KAPA,2019-05-13 09:53:00,70.0,70.0,28.0,24.15,10.0,NNW,9.0,0.0,Fair,False,False,True,False,False,False,False,False,False,False,False,True,False,Day,Day,Day,Day
C-1851750,2,2021-10-06 07:39:30.000000000,2021-10-06 10:10:05.000000000,39.987899,-75.155868,39.983213,-75.1569,0.328348927331,Slow traffic on PA-611 from W Lehigh Ave (N Broad St/PA-611) to W Girard Ave (N Broad St/PA-611) due to roadwork.,1383.0,W Dauphin St,R,Philadelphia,Philadelphia,PA,19132-4521,US,US/Eastern,KPHL,2021-10-06 07:41:00,64.0,64.0,90.0,30.35,10.0,NE,5.0,0.0,Cloudy,True,False,True,False,False,False,True,False,True,False,False,True,False,Day,Day,Day,Day
C-1851751,3,2021-02-01 04:15:29.000000000,2021-02-01 17:00:00.000000000,39.77108,-76.667564,,,0.0,Lane closed due to construction work on I-83 both ways at Exit 4 PA-851 Forrest Ave.,,I-83 S,R,Shrewsbury,York,PA,17361,US,US/Eastern,KTHV,2021-02-01 04:18:00,22.0,13.0,85.0,29.36,6.0,NNE,8.0,0.0,Cloudy,False,False,False,False,False,False,False,False,False,False,False,False,False,Night,Night,Night,Night
C-1851752,2,2019-04-16 09:03:32.000000000,2019-04-20 09:03:13.000000000,25.77237,-80.23499,25.77223,-80.22279,0.759153359412,Between 24th Ave and SW 17th Ave - Construction work.,2402.0,W Flagler St,L,Miami,Miami-Dade,FL,33135,US,US/Eastern,KMIA,2019-04-16 08:53:00,78.0,78.0,60.0,30.12,10.0,ENE,8.0,0.0,Fair,False,False,True,False,False,False,False,False,True,False,False,True,False,Day,Day,Day,Day
C-1851753,2,2020-09-17 20:16:00.000000000,2020-09-17 21:02:33.000000000,40.659836,-73.897601,40.658306,-73.901045,0.209190803248,Stationary traffic from Hinsdale St to Powell St due to roadwork.,605.0,Hinsdale St,L,Brooklyn,Kings,NY,11207-6603,US,US/Eastern,KJFK,2020-09-17 19:51:00,70.0,70.0,87.0,29.96,10.0,ESE,5.0,0.0,Cloudy,False,False,False,False,False,False,False,False,False,False,False,True,False,Night,Night,Night,Day
C-1851754,2,2019-07-31 08:40:18.000000000,2019-08-04 08:41:12.000000000,41.19164,-79.42304,41.191643,-79.423047,0.000418841589928,At PA-66/Exit 60 - Roadwork. Open.,,I-80 W,R,Shippenville,Clarion,PA,16254,US,US/Eastern,KFKL,2019-07-31 08:56:00,65.0,65.0,97.0,28.49,10.0,NNE,3.0,0.0,Mostly Cloudy,False,False,False,False,True,False,False,False,False,False,False,False,False,Day,Day,Day,Day
C-1851755,2,2021-06-16 16:23:23.000000000,2021-06-16 19:34:04.000000000,40.679419,-74.00359300000002,40.706696,-74.014643,1.97156098996,Slow traffic on I-478 W from exit [25] to Canal St (I-78) exit [3] due to roadwork.,,Brooklyn Queens Expy,R,Brooklyn,Kings,NY,11231,US,US/Eastern,KJRB,2021-06-16 16:51:00,76.0,76.0,30.0,29.77,,VAR,3.0,0.0,Fair,False,False,False,False,False,False,False,False,False,False,False,False,False,Day,Day,Day,Day
C-1851756,2,2020-08-21 06:01:00.000000000,2020-08-21 22:01:00.000000000,38.28903,-122.036237,38.327256,-122.022468,2.74463687373,Lane closure due to Guardrail Work between N Texas St/Manuel Campos Pkwy and Cherry Glen/Lagoon Valley Rd,,I-80 E,R,Fairfield,Solano,CA,94533,US,US/Pacific,KSUU,2020-08-21 22:55:00,73.0,73.0,61.0,29.71,6.0,SW,12.0,0.0,Smoke,False,False,False,False,False,False,False,False,False,False,False,False,False,Night,Day,Day,Day
C-1851757,2,2021-02-17 04:55:30.000000000,2021-02-17 18:26:28.000000000,28.043683,-82.678483,28.044336,-82.677238,0.0883157546781,Stationary traffic on County Hwy-752 - FL-584 from Bay Arbor Blvd to Lakeview Dr due to roadwork.,3756.0,Tampa Rd,L,Oldsmar,Pinellas,FL,34677-6306,US,US/Eastern,KPIE,2021-02-17 04:53:00,60.0,60.0,75.0,30.08,10.0,WNW,7.0,0.0,Cloudy,False,False,False,False,False,False,False,False,True,False,False,False,False,Night,Night,Night,Night
C-1851758,2,2021-06-20 16:02:00.000000000,2021-06-20 23:45:00.000000000,41.067076,-93.772505,41.059696,-93.764725,0.651365333262,Construction on IA-152 near I-35 Allow extra time.,1665.0,Highway 152,R,Osceola,Clarke,IA,50213-8200,US,US/Central,KI75,2021-06-20 15:55:00,85.0,85.0,68.0,28.42,7.0,SSW,9.0,0.0,Mostly Cloudy,False,False,False,False,False,False,False,False,False,False,False,False,False,Day,Day,Day,Day
C-1851759,2,2020-09-26 17:00:30.000000000,2020-09-26 22:48:13.000000000,41.089138,-73.92746700000002,41.1034,-74.010408,4.42967001327,Slow traffic on I-287/I-87 from US-9W/Exit 10 (I-287/I-87) to NY-59/Exit 14 (I-287/I-87) due to maintenance work.,,I-287 W,R,Nyack,Rockland,NY,10960,US,US/Eastern,KHPN,2020-09-26 16:56:00,72.0,72.0,71.0,29.56,10.0,SE,13.0,0.0,Mostly Cloudy,False,False,False,False,False,False,False,False,False,False,False,False,False,Day,Day,Day,Day
C-1851760,4,2016-09-02 17:29:21.000000000,2016-09-12 05:29:21.000000000,39.29626,-76.61833,39.29629,-76.61695,0.073817861456,Closed between Park Ave and Cathedral St - Closed due to roadwork.,601.0,Park Ave,R,Baltimore,Baltimore City,MD,21201-4518,US,US/Eastern,KDMH,2016-09-02 16:54:00,79.0,,42.0,30.08,,North,,,,True,False,True,False,False,False,False,False,True,False,False,True,False,Day,Day,Day,Day
C-1851761,2,2021-06-30 15:19:30.000000000,2021-06-30 17:48:12.000000000,33.6396,-112.013493,33.640671999999995,-112.014067,0.0810942408218,Stationary traffic from E Phelps Rd to N 31st St due to roadwork.,16892.0,N 32nd St,L,Phoenix,Maricopa,AZ,85032-2704,US,US/Mountain,KSDL,2021-06-30 14:53:00,102.0,102.0,22.0,28.21,10.0,WSW,8.0,0.0,Fair,True,False,False,False,False,False,False,False,True,False,False,False,False,Day,Day,Day,Day
C-1851762,2,2020-09-09 16:00:00.000000000,2020-09-12 06:59:59.000000000,41.083154,-73.924464,41.085804,-73.926307,0.206729372098,Roadwork on US 9W both directions between Shadyside Avenue (Orangetown) and Upper Depew Avenue (Nyack) D264068 Wednesday September 9th 2020 thru Friday September 11th 2020 Wednesday/ Thursday/ Friday 09:00 AM thru 04:00 PM alternate lanes closure Monday September 14th 2020 thru Friday September 18th 2020 Monday thru Friday 09:00 AM thru 04:00 PM alternate lanes closure,,Hillside Ave,R,Nyack,Rockland,NY,10960,US,US/Eastern,KHPN,2020-09-09 15:56:00,76.0,76.0,71.0,29.8,10.0,ESE,5.0,0.0,Fair,False,False,True,False,False,False,False,False,False,False,False,True,False,Day,Day,Day,Day
C-1851764,2,2020-09-18 05:09:30.000000000,2020-09-18 07:53:30.000000000,41.537153,-87.96628199999998,41.531119,-87.98578499999998,1.09146884559,Stationary traffic on I-80 from US-45/96th Ave/Exit 145 (I-80) to US-30/Maple St/Exit 137 (I-80) due to roadwork.,,N Cedar Rd,R,New Lenox,Will,IL,60451,US,US/Central,KLOT,2020-09-18 05:15:00,53.0,53.0,81.0,29.52,10.0,NE,8.0,0.0,Fair,False,False,False,False,False,False,False,False,False,False,False,False,False,Night,Night,Night,Day
C-1851765,2,2021-02-18 18:38:00.000000000,2021-02-18 19:55:30.000000000,31.92548,-94.682536,32.054975,-94.564985,11.2918477727,Slow traffic on TX-315 from US-259 (TX-315) to FM-348 (TX-315) due to roadwork.,137.0,E Highway 315,L,Mount Enterprise,Rusk,TX,75681,US,US/Central,KRFI,2021-02-18 18:35:00,28.0,22.0,74.0,29.91,10.0,NW,6.0,0.0,Fair,False,False,False,False,False,False,False,False,False,False,False,False,False,Night,Night,Day,Day
C-1851766,2,2021-11-10 00:00:00.000000000,2021-12-05 00:44:00.000000000,41.125221,-81.541271,41.123425,-81.54231999999998,0.135571508971,Construction on MERRIMAN RD near MONMOUTH DR Allow extra time.,1301.0,Merriman Rd,R,Akron,Summit,OH,44313-5928,US,US/Eastern,KAKR,2021-11-10 00:03:00,52.0,52.0,74.0,28.95,7.0,N,5.0,0.0,Partly Cloudy,False,False,False,False,False,False,False,False,False,False,False,False,False,Night,Night,Night,Night
C-1851767,2,2021-09-10 13:50:57.000000000,2021-09-10 14:10:57.000000000,40.77812700000001,-73.95447800000002,40.78262700000001,-73.951188,0.3553869303059999,Slow traffic from E 79th St (3rd Ave) to E 96th St (3rd Ave) due to roadwork.,198.0,E 85th St,R,New York,New York,NY,10028-2103,US,US/Eastern,KNYC,2021-09-10 13:51:00,72.0,72.0,43.0,29.81,10.0,WNW,10.0,0.0,Fair,True,False,True,False,False,False,False,False,False,False,False,True,False,Day,Day,Day,Day
C-1851768,2,2021-11-17 07:47:00.000000000,2021-11-17 10:15:16.000000000,33.497329,-112.073916,33.494794,-112.072816,0.186266605756,Slow traffic from W Glenrosa Ave to N 2nd St due to roadwork.,4236.0,N Central Ave,L,Phoenix,Maricopa,AZ,85012-1812,US,US/Mountain,KPHX,2021-11-17 07:51:00,56.0,56.0,36.0,28.78,10.0,E,6.0,0.0,Mostly Cloudy,False,False,False,False,False,False,False,False,False,False,False,False,False,Day,Day,Day,Day
C-1851769,2,2021-11-22 11:25:00.000000000,2021-11-22 13:47:32.000000000,28.5941,-81.365095,28.593046,-81.36449499999998,0.0814147268078999,Stationary traffic on US-92 E - FL-424A - US-17 N - FL-426 - US-92 W - US-17 S from N Orlando Ave to Ward Ave due to roadwork.,488.0,S Orlando Ave,L,Winter Park,Orange,FL,32789-3662,US,US/Eastern,KORL,2021-11-22 11:11:00,69.0,69.0,90.0,29.87,9.0,NNW,9.0,0.0,Light Rain,False,False,True,False,False,False,False,False,False,False,False,False,False,Day,Day,Day,Day
C-1851770,2,2016-12-08 20:00:00.000000000,2016-12-09 06:00:00.000000000,40.64121,-74.89635,40.635615,-74.885941,0.668793158253,Between Old Route 22 and Country Club Dr - Construction work.,1522.0,State Route 31,R,Clinton,Hunterdon,NJ,08809-2003,US,US/Eastern,KSMQ,2016-12-08 19:53:00,35.1,29.3,46.0,30.0,10.0,Variable,6.9,,Clear,False,False,False,False,False,False,False,False,False,False,False,False,False,Night,Night,Night,Night
C-1851771,2,2020-09-29 17:07:30.000000000,2020-09-30 00:06:21.000000000,43.60114,-116.354783,43.5964,-116.358272,0.371127175745,Queuing traffic on ID-55 from E Saint Lukes St to I-84 W due to roadwork.,,E Saint Lukes St,R,Meridian,Ada,ID,83642,US,US/Mountain,KMAN,2020-09-29 17:15:00,79.0,79.0,24.0,27.52,10.0,WNW,3.0,0.0,Fair,False,False,True,False,False,False,False,False,False,False,False,True,False,Day,Day,Day,Day
C-1851772,4,2021-06-21 07:00:00.000000000,2021-07-19 15:30:00.000000000,45.311298,-92.986934,45.303147,-92.988313,0.567153135537,US-61 S - US-61 N is closed from CR-22/Wyoming Trl (US-61) to US-8 (US-61) due to roadwork.,25001.0,Forest Blvd,R,Wyoming,Chisago,MN,55092-8364,US,US/Central,KOEO,2021-06-21 06:55:00,52.0,52.0,73.0,28.93,10.0,NNW,8.0,0.0,Partly Cloudy,False,False,False,False,False,False,False,False,False,False,False,False,False,Day,Day,Day,Day
C-1851773,2,2020-11-03 15:00:00.000000000,2020-11-04 03:45:00.000000000,45.402214,-91.735492,45.404943,-91.73547,0.188558962274,Construction on US-8 EB near SUNNYSIDE AVE Expect delays.,770.0,S 1st St,L,Cameron,Barron,WI,54822-9709,US,US/Central,KRPD,2020-11-03 14:55:00,73.0,73.0,26.0,28.63,10.0,SSW,7.0,0.0,Fair,False,False,False,False,False,False,False,False,False,False,False,False,False,Day,Day,Day,Day
C-1851774,4,2020-11-14 15:16:39.000000000,2020-11-22 07:59:00.000000000,30.133216,-97.84575,30.131447,-97.844689,0.13769188464,Closed road from Black Bear Dr to Goldilocks Ln due to roadwork.,13098.0,Bob Johnson Ln,R,Manchaca,Travis,TX,78652-3540,US,US/Central,KAUS,2020-11-14 14:53:00,88.0,88.0,43.0,29.22,10.0,S,16.0,0.0,Partly Cloudy,False,False,False,False,False,False,False,False,False,False,False,False,False,Day,Day,Day,Day
C-1851775,2,2019-10-23 09:04:43.000000000,2019-10-27 09:04:26.000000000,37.71087,-97.40281,37.71292,-97.40052,0.189023670984,At Zoo Blvd/Exit 10 - Construction work.,,I-235 N,R,Wichita,Sedgwick,KS,67212,US,US/Central,KICT,2019-10-23 08:53:00,50.0,50.0,57.0,28.5,10.0,S,9.0,0.0,Partly Cloudy,False,False,False,False,True,False,False,False,False,False,False,False,False,Day,Day,Day,Day
C-1851776,2,2021-02-12 11:04:00.000000000,2021-02-12 19:19:24.000000000,26.394223,-80.093625,26.328109,-80.116834,4.78868561142,Slow traffic on I-95 S from Congress Ave/Exit 50 (I-95) to FL-810/Hillsboro Blvd/Exit 42 (I-95) due to roadwork.,,I-95 S,R,Boca Raton,Palm Beach,FL,33431,US,US/Eastern,KBCT,2021-02-12 10:53:00,81.0,81.0,69.0,30.0,10.0,SSE,13.0,0.0,Partly Cloudy,False,False,False,False,False,False,False,False,False,False,False,False,False,Day,Day,Day,Day
C-1851777,2,2021-06-11 16:42:16.000000000,2021-06-11 17:38:03.000000000,42.485426,-83.456298,42.488144,-83.488476,1.65024656402,Slow traffic on I-96 W from W 11 Mile Rd/MI-5/Exit 164 (I-96) to Beck Rd/Exit 160 (I-96) due to roadwork.,,I-96 W,R,Novi,Oakland,MI,48377,US,US/Eastern,KPTK,2021-06-11 16:53:00,87.0,87.0,43.0,28.77,10.0,SE,6.0,0.0,Partly Cloudy,False,False,False,False,False,False,False,False,False,False,False,False,False,Day,Day,Day,Day
C-1851778,2,2020-11-24 12:53:00.000000000,2020-11-24 20:17:30.000000000,40.742894,-73.99278000000002,40.741554,-73.98956,0.192316481611,Stationary traffic from 6th Ave/Avenue of the Americas (W 23rd St) to Broadway (E 23rd St) due to roadwork.,714.0,Avenue of the Americas,R,New York,New York,NY,10010-5110,US,US/Eastern,KNYC,2020-11-24 12:51:00,48.0,44.0,37.0,30.21,10.0,WNW,8.0,0.0,Fair,True,False,True,False,False,False,True,False,True,False,False,True,False,Day,Day,Day,Day
C-1851779,2,2020-10-15 12:32:30.000000000,2020-10-16 02:03:13.000000000,33.494715,-112.061011,33.494717,-112.064568,0.204952749169,Queuing traffic from N 10th St to E Amelia Ave due to roadwork.,999.0,E Indian School Rd,R,Phoenix,Maricopa,AZ,85014-4745,US,US/Mountain,KPHX,2020-10-15 12:51:00,90.0,90.0,20.0,28.75,10.0,CALM,0.0,0.0,Fair,True,False,False,False,False,False,False,False,True,True,False,False,False,Day,Day,Day,Day
C-1851780,3,2019-08-01 16:29:44.000000000,2019-08-05 16:28:53.000000000,42.714865,-91.072482,42.69745,-91.07325,1.20389355547,At CR-C9Y/Pumpkin Ridge Rd - Construction work. Single alternate lane traffic.,35275.0,Highway 52,L,Guttenberg,Clayton,IA,52052-8184,US,US/Central,KPDC,2019-08-01 16:35:00,82.0,82.0,40.0,29.45,10.0,ENE,6.0,0.0,Fair,False,False,False,False,False,False,False,False,False,False,False,False,False,Day,Day,Day,Day
C-1851781,2,2021-10-12 00:15:30.000000000,2021-10-12 00:28:00.000000000,34.734682,-92.261577,34.743734,-92.262885,0.6298274183529999,Slow traffic on I-30 E - US-65 N - US-167 N from AR-365/Exit 139 (I-30) to 6th St/Exit 140 (I-30) due to roadwork.,,I-30 E,R,Little Rock,Pulaski,AR,72202,US,US/Central,KLIT,2021-10-12 00:53:00,60.0,60.0,90.0,29.64,10.0,CALM,0.0,0.0,Fair,False,False,False,False,True,False,False,False,False,False,False,False,False,Night,Night,Night,Night
C-1851782,2,2020-08-21 14:49:00.000000000,2020-08-22 19:13:33.000000000,41.187304,-79.20055699999998,41.189094,-79.227457,1.4041575458700002,Construction on I-80 WB near MP 73 Allow extra time.,,I-80 W,R,Corsica,Jefferson,PA,15829,US,US/Eastern,KDUJ,2020-08-21 14:53:00,85.0,85.0,23.0,28.06,10.0,WNW,8.0,0.0,Fair,False,False,False,False,True,False,False,False,False,False,False,False,False,Day,Day,Day,Day
C-1851783,2,2020-11-18 15:30:00.000000000,2020-11-18 23:45:00.000000000,42.79211,-73.762105,42.791001,-73.760926,0.0971844338596,Construction on I-87 SB near TWIN BRG Drive with caution.,,Adirondack Northway S,R,Clifton Park,Saratoga,NY,12065,US,US/Eastern,KSCH,2020-11-18 15:59:00,28.0,20.0,51.0,30.11,15.0,WNW,9.0,0.0,Mostly Cloudy,True,False,False,False,False,False,False,False,False,False,False,False,False,Day,Day,Day,Day
C-1851784,2,2020-10-05 14:05:00.000000000,2020-10-06 01:39:00.000000000,41.480308,-75.68122,41.459548,-75.66579,1.64182552636,Queuing traffic on I-81 from I-476/NE Extension Penn Tpke/Exit 194 (I-81) to US-6 Bus/Exit 191 (I-81) due to roadwork.,,US-6 E,R,Clarks Summit,Lackawanna,PA,18411,US,US/Eastern,KAVP,2020-10-05 13:54:00,61.0,61.0,64.0,29.13,10.0,W,8.0,0.0,Cloudy,False,False,False,False,True,False,False,False,False,False,False,False,False,Day,Day,Day,Day
C-1851785,2,2018-08-22 10:17:31.000000000,2018-08-22 15:00:00.000000000,40.890151,-93.499579,41.02678,-93.46101,9.65229102956,Between CR-J22/Guy Porter St and US-34 (South) - Roadwork.,1778.0,Highway 65,L,Humeston,Wayne,IA,50123-8032,US,US/Central,KCNC,2018-08-22 10:15:00,68.0,,68.0,30.28,9.0,Calm,,,Clear,False,False,False,False,False,False,False,False,False,False,False,False,False,Day,Day,Day,Day
C-1851786,2,2019-07-22 11:00:00.000000000,2019-07-24 15:30:00.000000000,42.60255,-91.07425,42.65893,-91.52731,23.3581074535,Between IA-136/WM Andre St and CR-W69/Forestville Rd - Roadwork.,101.0,W Main St,L,New Vienna,Dubuque,IA,52065,US,US/Central,KDBQ,2019-07-22 10:53:00,73.0,73.0,64.0,28.99,10.0,NE,13.0,0.0,Fair,True,False,False,False,False,False,False,False,False,False,False,True,False,Day,Day,Day,Day
C-1851787,2,2017-05-25 09:01:12.000000000,2017-05-25 15:01:12.000000000,38.731858,-90.404311,38.73316,-90.40389,0.0927772665226,At MO-180/St Charles Rock Rd - Maintenance work.,3604.0,N Lindbergh Blvd,R,Saint Ann,Saint Louis,MO,63074-2107,US,US/Central,KSTL,2017-05-25 08:51:00,64.0,,67.0,29.71,10.0,WNW,9.2,,Partly Cloudy,False,False,False,False,False,False,False,False,False,False,False,False,False,Day,Day,Day,Day
C-1851788,2,2020-04-13 21:00:00.000000000,2020-04-14 05:00:00.000000000,30.46417000000001,-97.66892,30.445190000000004,-97.66768,1.31347114828,At Grand Avenue Pky - Construction work.,,I-35 S,R,Pflugerville,Travis,TX,78660,US,US/Central,KEDC,2020-04-13 20:55:00,52.0,52.0,71.0,29.43,10.0,NNE,6.0,0.0,Fair,False,False,False,False,False,False,False,False,False,False,False,False,False,Night,Night,Night,Day
C-1851789,2,2021-11-23 16:54:00.000000000,2021-11-23 17:22:59.000000000,25.925974,-80.158948,25.92602,-80.15373000000002,0.324261172561,Stationary traffic on FL-826 from 19th Ave (FL-826) to US-1/FL-5/Biscayne Blvd (FL-826) due to roadwork.,2048.0,NE 163rd St,R,North Miami Beach,Miami-Dade,FL,33162-4902,US,US/Eastern,KHWO,2021-11-23 16:53:00,68.0,68.0,55.0,30.02,10.0,N,15.0,0.0,Fair,False,False,True,False,False,False,False,False,True,False,False,True,False,Day,Day,Day,Day
C-1851790,2,2019-04-12 07:01:11.000000000,2019-04-16 07:00:40.000000000,42.60223,-83.28905,42.582004,-83.281151,1.45409598334,Between Square Lake Rd and Long Lake Rd - Construction work.,,S Telegraph Rd,R,Bloomfield Hills,Oakland,MI,48302,US,US/Eastern,KVLL,2019-04-12 06:55:00,49.0,49.0,72.0,28.88,10.0,CALM,0.0,0.0,Partly Cloudy,False,False,False,False,False,False,False,False,False,False,False,False,False,Day,Day,Day,Day
C-1851791,2,2020-11-06 17:00:00.000000000,2020-11-07 01:45:00.000000000,33.25554,-97.175499,33.25568,-97.170619,0.2821233018169999,Construction on TX-288 EB near I-35 Left lane closed. Expect delays.,,N Loop 288,R,Denton,Denton,TX,76207,US,US/Central,KDTO,2020-11-06 16:53:00,73.0,73.0,55.0,29.38,10.0,SE,12.0,0.0,Fair,False,False,False,False,True,False,False,False,False,False,False,False,False,Day,Day,Day,Day
C-1851792,2,2019-08-07 00:17:55.000000000,2019-08-07 05:59:00.000000000,34.153889,-118.375702,,,0.540000021458,Entry ramp to Ca-170 Northbound from CA-134 Westbound closed due to construction work.,,Riverside Dr,R,North Hollywood,Los Angeles,CA,91602,US,US/Pacific,KBUR,2019-08-07 00:53:00,67.0,67.0,76.0,29.11,10.0,SSE,5.0,0.0,Partly Cloudy,False,False,False,False,False,False,False,False,False,False,False,False,False,Night,Night,Night,Night
C-1851793,2,2016-12-08 21:01:45.000000000,2016-12-09 03:01:45.000000000,27.94487,-82.534475,27.94487,-82.53448,0.000305185257107,At I-275/SR-93 - Construction work.,,Hoover Blvd,R,Tampa,Hillsborough,FL,33609,US,US/Eastern,KTPA,2016-12-08 20:53:00,63.0,,75.0,30.19,10.0,NNE,4.6,,Overcast,False,False,False,False,False,False,False,False,False,False,False,True,False,Night,Night,Night,Night
C-1851794,3,2018-12-03 21:01:34.000000000,2018-12-07 21:01:14.000000000,47.61869,-122.32827,47.6427,-122.32253,1.68032477261,Between Olive Way/Exit 166 and WA-520/Exit 168 - Construction work.,,I-5 N,R,Seattle,King,WA,98102,US,US/Pacific,KBFI,2018-12-03 20:53:00,39.9,36.7,77.0,30.37,10.0,NNE,4.6,,Clear,False,False,False,False,False,False,False,False,False,False,False,False,False,Night,Night,Night,Night
C-1851795,2,2021-08-06 17:13:26.000000000,2021-08-06 18:13:54.000000000,40.87918,-73.874543,40.876821,-73.86466899999998,0.540974275721,Slow traffic from Jerome Ave (Gun Hill Rd) to US-1/Boston Rd/Hering Ave (E Gun Hill Rd) due to roadwork.,292.0,E Gun Hill Rd,R,Bronx,Bronx,NY,10467-2206,US,US/Eastern,KLGA,2021-08-06 16:51:00,86.0,86.0,43.0,30.07,10.0,SSE,15.0,0.0,Mostly Cloudy,False,False,True,False,False,False,False,False,False,False,False,True,False,Day,Day,Day,Day
C-1851796,2,2021-09-27 20:50:00.000000000,2021-09-27 21:10:30.000000000,40.520651,-75.520167,40.522892,-75.51856,0.1763483929199999,Stationary traffic on PA-29 from PA-100/Kings Hwy (Chestnut St/PA-29) to I-476 (Chestnut St/PA-29) due to roadwork.,4012.0,Chestnut St,R,Emmaus,Lehigh,PA,18049-1012,US,US/Eastern,KXLL,2021-09-27 20:55:00,68.0,68.0,60.0,29.48,10.0,SSW,7.0,0.0,Fair,True,False,False,False,False,False,False,False,False,False,False,False,False,Night,Night,Night,Night
C-1851797,2,2016-12-12 09:01:06.000000000,2016-12-12 15:01:06.000000000,39.462693,-76.45179399999998,39.460619,-76.456367,0.282916309225,Between Vista View Ct and Glen Arm Rd E - Construction work.,12400.0,Harford Rd,L,Hydes,Baltimore,MD,21082-9514,US,US/Eastern,KMTN,2016-12-12 08:45:00,42.8,,100.0,29.93,3.0,Calm,,,Overcast,False,False,False,False,False,False,False,False,False,False,False,False,False,Day,Day,Day,Day
C-1851798,2,2020-09-28 05:21:00.000000000,2020-09-28 07:18:00.000000000,37.724569,-113.055992,37.727392,-113.051324,0.321126131545,Stationary traffic from exit [62] to N Main St due to roadwork.,,I-15 N,R,Cedar City,Iron,UT,84721,US,US/Mountain,KCDC,2020-09-28 04:53:00,38.0,33.0,57.0,24.66,10.0,N,7.0,0.0,Fair,False,False,False,False,True,False,False,False,False,False,False,True,False,Night,Night,Night,Night
C-1851799,2,2021-12-02 10:46:30.000000000,2021-12-02 13:29:25.000000000,27.904865,-81.60092900000002,27.897051,-81.599949,0.543202143247,Slow traffic on US-27 S - FL-25 from Washington Ave (US-27) to FL-60 (US-27) due to roadwork.,19870.0,Highway 27,R,Lake Wales,Polk,FL,33853,US,US/Eastern,KBOW,2021-12-02 10:50:00,70.0,70.0,49.0,30.06,10.0,NNW,9.0,0.0,Fair,False,False,False,False,False,False,False,False,False,False,False,False,False,Day,Day,Day,Day
C-1851800,2,2020-10-17 18:22:00.000000000,2020-10-17 23:15:00.000000000,40.858529,-74.370521,40.859719,-74.36607099999998,0.246650311587,Construction on I-80 EB near US-46 Construction. Left lane closed.,,I-80 E,R,Parsippany,Morris,NJ,07054,US,US/Eastern,KMMU,2020-10-17 18:45:00,45.0,42.0,87.0,30.16,10.0,WNW,5.0,0.0,Fair,False,False,False,False,True,False,False,False,False,False,False,False,False,Night,Day,Day,Day
C-1851801,2,2021-01-27 14:32:00.000000000,2021-01-27 23:36:29.000000000,25.944752,-80.148636,25.947445,-80.147976,0.190533329092,Stationary traffic on FL-860 from NE 183rd St to Biscayne Blvd due to roadwork.,18297.0,W Dixie Hwy,R,North Miami Beach,Miami-Dade,FL,33160,US,US/Eastern,KHWO,2021-01-27 14:53:00,86.0,86.0,40.0,30.02,10.0,SW,14.0,0.0,Partly Cloudy,False,False,True,False,False,False,False,False,False,False,False,True,False,Day,Day,Day,Day
C-1851802,4,2016-11-01 09:02:05.000000000,2016-11-01 14:58:16.000000000,40.03644,-75.13051999999998,40.036713,-75.132494,0.106115038198,Closed at PA-611/N Broad St - Closed due to roadwork.,5601.0,N 5th St,R,Philadelphia,Philadelphia,PA,19120-2305,US,US/Eastern,KPNE,2016-11-01 08:54:00,42.1,40.2,79.0,30.4,10.0,NE,3.5,,Clear,True,False,False,False,False,False,False,False,True,False,False,False,False,Day,Day,Day,Day
C-1851803,2,2021-10-17 13:23:30.000000000,2021-10-17 13:37:30.000000000,38.879741,-77.24168900000002,38.88331,-77.227556,0.799147576061,Slow traffic on I-66 E from VA-243/Nutley St/Exit 62 (I-66) to I-495/Exit 64 (I-66) due to roadwork.,,I-66 E,R,Vienna,Fairfax County,VA,22180,US,US/Eastern,KIAD,2021-10-17 13:52:00,62.0,62.0,41.0,29.6,10.0,WNW,16.0,0.0,Mostly Cloudy,False,False,False,False,False,False,True,False,True,False,False,False,False,Day,Day,Day,Day
C-1851804,2,2020-10-29 13:21:00.000000000,2020-10-30 02:47:59.000000000,26.19192,-80.25193,26.194406,-80.251984,0.17179886505,Slow traffic on FL-817 from 44th St (FL-817) to McNab Rd (FL-817) due to roadwork.,5498.0,N University Dr,R,Lauderhill,Broward,FL,33351-5006,US,US/Eastern,KFXE,2020-10-29 12:53:00,88.0,88.0,67.0,29.94,10.0,SSE,13.0,0.0,Partly Cloudy,False,False,False,False,False,False,False,False,False,False,False,False,False,Day,Day,Day,Day
C-1851805,2,2021-11-18 15:16:00.000000000,2021-11-18 17:18:52.000000000,33.538258,-112.06027,33.538284000000004,-112.065992,0.32953795208,Slow traffic from N 16th St (E Glendale Ave) to N Central Ave (Glendale Ave) due to roadwork.,969.0,E Glendale Ave,R,Phoenix,Maricopa,AZ,85014,US,US/Mountain,KPHX,2021-11-18 14:51:00,83.0,83.0,12.0,28.84,10.0,ESE,6.0,0.0,Mostly Cloudy,True,False,False,False,False,False,False,False,True,False,False,False,False,Day,Day,Day,Day
C-1851806,2,2020-03-09 07:49:46.000000000,2020-03-09 13:00:00.000000000,41.48418,-74.94013000000002,41.48418,-74.94013000000002,0.0,At Lackawaxen Rd - Roadwork. Lane blocked.,242.0,State Route 97,R,Barryville,Sullivan,NY,12719-5534,US,US/Eastern,KMSV,2020-03-09 07:56:00,32.0,32.0,61.0,28.81,10.0,CALM,0.0,0.0,Fair,False,False,False,False,False,False,False,False,False,False,False,False,False,Day,Day,Day,Day
C-1851807,2,2021-11-04 16:14:31.000000000,2021-11-04 18:31:36.000000000,25.847373,-80.198879,25.847484,-80.195335,0.220503547237,Stationary traffic on FL-934 from I-95 (NW 81st St/FL-934) to NE 2nd Ave (NE 82nd St/FL-934) due to roadwork.,201.0,NW 79th St,R,Miami,Miami-Dade,FL,33150-2961,US,US/Eastern,KOPF,2021-11-04 15:53:00,79.0,79.0,77.0,29.96,10.0,ENE,10.0,0.0,Fair,False,False,True,False,False,False,False,False,True,True,False,False,False,Day,Day,Day,Day
C-1851808,2,2021-08-21 12:16:31.000000000,2021-08-21 12:31:37.000000000,46.869087,-113.979368,46.864606,-113.956639,1.11744069282,Slow traffic on US-12 E - I-90 E - MT-200 E from Orange St/Exit 104 (I-90) to MT-200/Exit 107 (I-90) due to roadwork.,,I-90 E,R,Missoula,Missoula,MT,59802,US,US/Mountain,KMSO,2021-08-21 11:53:00,62.0,62.0,62.0,26.52,10.0,CALM,0.0,0.0,Fair,False,False,False,False,True,False,False,False,False,False,False,False,False,Day,Day,Day,Day
C-1851809,2,2018-11-20 08:58:46.000000000,2018-11-24 08:59:46.000000000,40.459046,-75.549216,40.447932,-75.552776,0.7903853838339999,Between Powder Valley Rd and Huffs Church Rd - Roadwork. Traffic problem.,7815.0,Chestnut St,L,Hereford,Berks,PA,18056,US,US/Eastern,KXLL,2018-11-20 08:55:00,41.0,39.0,87.0,29.92,10.0,West,3.5,,Overcast,False,False,False,False,False,False,False,False,False,False,False,False,False,Day,Day,Day,Day
C-1851810,2,2021-12-14 14:25:38.000000000,2021-12-14 16:31:58.000000000,25.847771,-80.18640699999997,25.848459,-80.184662,0.118461598522,Stationary traffic on US-1 N - FL-934 - US-1 S - FL-5 from NE 5th Ave to Miami due to roadwork.,480.0,NE 79th St,R,Miami,Miami-Dade,FL,33138-4530,US,US/Eastern,KOPF,2021-12-14 14:53:00,81.0,81.0,58.0,30.19,10.0,ENE,16.0,0.0,Mostly Cloudy,True,False,False,False,False,False,False,False,True,True,False,True,False,Day,Day,Day,Day
C-1851811,2,2020-11-19 12:50:30.000000000,2020-11-20 00:58:30.000000000,33.398359,-111.719279,33.393808,-111.719998,0.317167698345,Stationary traffic from E Elena Ave to S St Paul due to roadwork.,925.0,S Higley Rd,R,Mesa,Maricopa,AZ,85206-2800,US,US/Mountain,KFFZ,2020-11-19 12:51:00,83.0,83.0,19.0,28.83,10.0,CALM,0.0,0.0,Fair,False,False,False,False,False,False,False,False,True,False,False,False,False,Day,Day,Day,Day
C-1851812,2,2021-09-15 15:20:00.000000000,2021-09-15 17:40:56.000000000,34.048088,-117.811032,34.0494,-117.811631,0.0969197704851,Stationary traffic from Pomona Blvd to Kellogg Dr due to roadwork.,3576.0,W Temple Ave,R,Pomona,Los Angeles,CA,91768-4306,US,US/Pacific,KPOC,2021-09-15 15:47:00,84.0,84.0,35.0,28.8,10.0,W,12.0,,Fair,False,False,False,False,False,False,False,False,False,False,False,False,False,Day,Day,Day,Day
C-1851813,4,2018-03-10 16:11:48.000000000,2018-03-10 22:11:48.000000000,41.48386,-81.66315,41.46872000000001,-81.65942,1.06374596539,Closed between Woodland Ave/Exit 162 and Pershing Ave/Exit 160 - Closed due to roadwork.,,I-77 S,R,Cleveland,Cuyahoga,OH,44115,US,US/Eastern,KBKL,2018-03-10 15:53:00,33.1,26.1,59.0,30.09,10.0,WNW,8.1,,Overcast,False,False,False,False,True,False,False,False,False,False,False,False,False,Day,Day,Day,Day
C-1851814,2,2018-11-21 04:01:53.000000000,2018-11-21 05:00:00.000000000,47.375759,-122.721207,,,0.0,Intermittent lane closures due to construction during the night on WA-302 both ways at 138th Avenue KP.,12900.0,138th Avenue KP N,L,Gig Harbor,Pierce,WA,98329-5301,US,US/Pacific,KPWT,2018-11-21 03:56:00,43.0,,93.0,29.89,10.0,Calm,,0.0,Light Rain,False,False,False,False,False,False,False,False,False,False,False,False,False,Night,Night,Night,Night
C-1851815,2,2021-12-15 10:28:00.000000000,2021-12-26 12:16:00.000000000,45.39728,-122.258705,45.3981,-122.272299,0.661957453088,Slow traffic on US-26 E - US-26 W from E Sleepy Hollow Dr (US-26) to SE Orient Dr (Boring) (US-26) due to roadwork.,39275.0,Proctor Blvd,R,Sandy,Clackamas,OR,97055-8050,US,US/Pacific,KTTD,2021-12-26 11:53:00,38.0,30.0,70.0,29.5,8.0,S,14.0,0.0,Cloudy,True,False,False,False,False,False,False,False,False,True,False,False,False,Day,Day,Day,Day
C-1851816,2,2021-09-25 21:06:00.000000000,2021-09-25 21:33:00.000000000,43.180452,-124.201213,43.174501,-124.18963,0.713913101414,Stationary traffic on OR-42 from W Central Blvd (OR-42) to N Central Blvd (OR-42) due to roadwork.,326.0,Coquille Bandon Hwy,R,Coquille,Coos,OR,97423,US,US/Pacific,KOTH,2021-09-25 20:56:00,58.0,58.0,84.0,29.95,10.0,SSW,6.0,0.0,Cloudy,False,False,False,False,False,False,False,False,False,False,False,False,False,Night,Night,Night,Night
C-1851817,2,2020-11-17 14:22:30.000000000,2020-11-17 17:42:00.000000000,29.44155,-98.372372,29.43833900000001,-98.38243,0.644588387436,Slow traffic on TX-130 S - US-90 W - I-10 W from FM-1516/Exit 585 (I-10) to Ackerman Rd/Exit 582 (I-10) due to roadwork.,,I-10 W,R,San Antonio,Bexar,TX,78219,US,US/Central,KSAT,2020-11-17 14:51:00,76.0,76.0,15.0,29.49,10.0,E,12.0,0.0,Fair,False,False,False,False,False,False,False,False,False,False,False,False,False,Day,Day,Day,Day
C-1851818,2,2020-09-04 13:45:30.000000000,2020-09-04 22:05:59.000000000,39.711534,-86.373517,39.705931,-86.372401,0.3916487950739999,Queuing traffic on US-40 W - IN-267 from Clarks Creek Rd / Clark Rd to Metropolis Pkwy due to roadwork.,2076.0,E Main St,R,Plainfield,Hendricks,IN,46168-1862,US,US/Eastern,KIND,2020-09-04 13:54:00,76.0,76.0,40.0,29.28,10.0,WNW,14.0,0.0,Partly Cloudy,False,False,False,False,False,False,False,False,False,False,False,False,False,Day,Day,Day,Day
C-1851819,2,2021-09-13 06:00:00.000000000,2021-09-24 17:00:00.000000000,44.683736,-91.832468,44.704296,-91.771856,3.29861571458,Mainline Moving Lane Closure on WIS 85 EB Eastbound from PEPIN - DUNN CO LINE to COUNTY O.,,N100 650th St,R,Durand,Dunn,WI,54736,US,US/Central,KLUM,2021-09-13 05:55:00,44.0,44.0,100.0,29.13,10.0,CALM,0.0,0.0,Fair,False,False,False,False,False,False,False,False,False,False,False,False,False,Night,Night,Day,Day
C-1851820,2,2019-06-03 05:40:33.000000000,2019-06-09 17:59:00.000000000,42.175449,-87.991989,,,2.68000006676,Intermittent lane closures due to construction work on CR-V77 Old Mchenry Rd both ways between Cuba Rd and IL-53. Look out for flagman.,,Old McHenry Rd,R,Buffalo Grove,Lake,IL,60089,US,US/Central,KPWK,2019-06-03 05:52:00,50.0,50.0,63.0,29.4,10.0,E,3.0,0.0,Fair,False,False,False,False,False,False,False,False,False,False,False,True,False,Day,Day,Day,Day
C-1851821,2,2020-11-23 10:52:00.000000000,2020-11-24 03:17:30.000000000,25.738662,-80.241169,25.740763,-80.23781,0.254514368195,Stationary traffic on US-1 N - FL-9 - FL-5 from Virginia St to SW 28th Ln due to roadwork.,,S Dixie Hwy,R,Miami,Miami-Dade,FL,33133,US,US/Eastern,KMIA,2020-11-23 10:53:00,80.0,80.0,71.0,30.02,10.0,NW,9.0,0.0,Partly Cloudy,False,False,True,False,False,False,False,False,False,False,False,True,False,Day,Day,Day,Day
C-1851822,2,2021-02-10 14:27:08.000000000,2021-02-10 18:55:13.000000000,28.811903000000004,-81.36187,28.811152000000003,-81.363035,0.0875607926217,Stationary traffic on FL-46 from N Henderson Ln to Wayside Dr due to roadwork.,5654.0,W State Road 46,L,Sanford,Seminole,FL,32771-9238,US,US/Eastern,KSFB,2021-02-10 14:53:00,85.0,85.0,46.0,30.0,10.0,SSE,8.0,0.0,Fair,False,False,False,False,False,False,False,False,False,False,False,False,False,Day,Day,Day,Day
C-1851823,2,2021-12-21 09:46:00.000000000,2021-12-21 16:32:59.000000000,33.419719,-111.926285,33.422013,-111.927354,0.1700670297329999,Stationary traffic from E Terrace Rd to E Alpha Dr due to roadwork.,924.0,S Rural Rd,R,Tempe,Maricopa,AZ,85281-2004,US,US/Mountain,KPHX,2021-12-21 09:51:00,57.0,57.0,39.0,28.95,10.0,E,5.0,0.0,Cloudy,False,False,True,False,False,False,False,False,False,False,False,False,False,Day,Day,Day,Day
C-1851824,2,2021-01-23 14:28:30.000000000,2021-01-24 03:46:30.000000000,30.190093,-92.075097,30.181344,-92.075032,0.604510792863,Stationary traffic from W Congress St (Ambassador Caffery Pkwy) to US-167/Johnston St (Ambassador Caffery Pkwy) due to roadwork.,3004.0,Ambassador Caffery Pkwy,L,Lafayette,Lafayette,LA,70506-6754,US,US/Central,KLFT,2021-01-23 14:04:00,61.0,61.0,90.0,29.99,5.0,E,5.0,0.0,Cloudy,False,False,False,False,False,False,False,False,False,False,False,True,False,Day,Day,Day,Day
C-1851825,4,2019-04-12 14:02:38.000000000,2019-04-16 14:02:38.000000000,39.956219,-83.011002,39.95639600000001,-83.008002,0.159357405289,Closed at US-62/W Main St/Washington Blvd/W Rich St - Closed due to roadwork.,428.0,W Rich St,R,Columbus,Franklin,OH,43215-4904,US,US/Eastern,KCMH,2019-04-12 13:51:00,65.0,65.0,73.0,29.0,10.0,SSW,17.0,0.0,Cloudy,False,False,True,False,False,False,False,False,True,False,False,False,False,Day,Day,Day,Day
C-1851826,2,2020-08-17 03:26:00.000000000,2020-08-17 13:45:00.000000000,38.047767,-78.524941,38.048417,-78.52572099999998,0.0617911933551999,Construction on US-29 SB near I-64 Expect delays.,,US-250 W,R,Charlottesville,Albemarle,VA,22903,US,US/Eastern,KCHO,2020-08-17 03:38:00,66.0,66.0,93.0,29.29,3.0,CALM,0.0,0.0,Cloudy,False,False,False,False,True,False,False,False,False,False,False,False,False,Night,Night,Night,Night
C-1851827,2,2020-10-09 18:16:30.000000000,2020-10-09 19:30:30.000000000,39.754155,-84.92213000000002,39.765843,-84.909211,1.0597196079100002,Stationary traffic on US-27 from IN-122/Pottershop Rd (US-27) to IN-227/Boston Pike (US-27) due to construction work.,1302.0,Endsley Rd,R,Richmond,Wayne,IN,47374-9568,US,US/Eastern,KVES,2020-10-09 18:15:00,75.0,75.0,25.0,28.91,10.0,S,6.0,0.0,Fair,False,False,False,False,False,False,False,False,False,False,False,False,False,Day,Day,Day,Day
C-1851828,2,2021-08-20 17:28:30.000000000,2021-08-20 19:47:25.000000000,33.465965000000004,-112.167845,33.465126,-112.169218,0.0980984959229999,Slow traffic from N 50th Ave to I-10 W due to roadwork.,5040.0,W McDowell Rd,R,Phoenix,Maricopa,AZ,85035-3932,US,US/Mountain,KGEU,2021-08-20 16:58:00,97.0,97.0,29.0,28.58,10.0,S,6.0,0.0,Fair,False,False,False,False,False,False,False,False,True,True,False,False,False,Day,Day,Day,Day
C-1851829,2,2021-09-14 16:26:23.000000000,2021-09-14 16:49:51.000000000,40.863578,-73.92602,40.86591,-73.92621,0.161431425037,Slow traffic on US-9 N - US-9 S from Sherman Ave to Cumming St due to roadwork.,157.0,Dyckman St,R,New York,New York,NY,10040-1003,US,US/Eastern,KLGA,2021-09-14 16:51:00,78.0,78.0,56.0,30.0,10.0,S,8.0,0.0,Mostly Cloudy,True,False,True,False,False,False,False,False,False,False,False,True,False,Day,Day,Day,Day
C-1851830,2,2021-09-24 07:34:00.000000000,2021-09-24 08:19:00.000000000,34.506697,-117.376883,34.506703,-117.373112,0.214710278959,Stationary traffic on CA-18 from US-395 (CA-18) to El Evado Rd (CA-18) due to roadwork.,13139.0,Palmdale Rd,L,Victorville,San Bernardino,CA,92392-9363,US,US/Pacific,KVCV,2021-09-24 07:45:00,66.0,66.0,43.0,27.06,5.0,SE,6.0,0.0,Fair,False,False,False,False,False,False,False,False,False,False,False,True,False,Day,Day,Day,Day
C-1851831,2,2019-02-07 23:33:53.000000000,2019-02-08 06:01:00.000000000,34.055969,-118.238602,,,0.0700000002979999,Entry ramp to US-101 Northbound from N Los Angeles St closed due to construction work.,494.0,N Los Angeles St,R,Los Angeles,Los Angeles,CA,90012-2947,US,US/Pacific,KCQT,2019-02-07 23:47:00,50.0,,52.0,30.17,10.0,Calm,,,Clear,False,False,True,False,False,False,False,False,False,False,False,True,False,Night,Night,Night,Night
C-1851832,2,2021-04-24 23:53:52.000000000,2021-09-13 01:59:03.000000000,45.142241,-93.114325,45.142242,-93.118549,0.205856588042,Roadwork on CR-21/Centerville Rd (Birch St/CR-34) from CR-49/Hodgson Rd (Birch St/CR-34) to County Hwy-10.,553.0,Birch St,L,Circle Pines,Anoka,MN,55014-7300,US,US/Central,KANE,2021-09-06 06:56:00,50.0,50.0,94.0,28.97,10.0,CALM,0.0,0.0,Partly Cloudy,False,False,True,False,False,False,False,False,False,False,False,False,False,Night,Night,Night,Night
C-1851833,2,2021-12-28 10:44:30.000000000,2021-12-28 12:45:48.000000000,25.685955,-80.430093,25.684865,-80.428942,0.103962576138,Slow traffic on FL-94 from SW 86th St to N Kendall Dr due to roadwork.,8688.0,SW 147th Ave,L,Miami,Miami-Dade,FL,33193,US,US/Eastern,KTMB,2021-12-28 10:53:00,78.0,78.0,56.0,30.08,10.0,SE,9.0,0.0,Mostly Cloudy,False,False,False,False,False,False,False,False,False,False,False,False,False,Day,Day,Day,Day
C-1851834,2,2021-12-18 17:45:00.000000000,2021-12-18 18:07:22.000000000,29.920875,-81.325074,29.916852,-81.324699,0.278868522909,Stationary traffic on US-1 S - FL-5 from FL-5/San Marco Ave (FL-A1A/US-1) to FL-16/Picolata Rd (FL-A1A/US-1) due to roadwork.,3151.0,N Ponce de Leon Blvd,L,Saint Augustine,St. Johns,FL,32084-1642,US,US/Eastern,KSGJ,2021-12-18 17:56:00,72.0,72.0,91.0,30.05,10.0,SSE,9.0,0.0,Partly Cloudy,False,False,False,False,False,False,False,False,False,False,False,True,False,Night,Day,Day,Day
C-1851835,2,2021-06-14 12:53:30.000000000,2021-06-14 14:54:46.000000000,42.084839,-87.980467,42.083249,-87.980926,0.112351598131,Stationary traffic from E Eastman St to E Northwest Hwy due to roadwork.,207.0,N Arlington Heights Rd,L,Arlington Heights,Cook,IL,60004-6034,US,US/Central,KPWK,2021-06-14 12:52:00,82.0,82.0,35.0,29.29,10.0,N,14.0,0.0,Fair,True,False,False,False,False,False,False,False,False,False,False,True,False,Day,Day,Day,Day
C-1851836,2,2021-06-20 12:40:21.000000000,2021-06-20 12:53:55.000000000,45.107717,-93.465989,45.099499,-93.454136,0.810275454405,Slow traffic on I-94 E - US-52 E from CR-30/95th Ave/Exit 213 (I-94) to I-494 (I-94) due to roadwork.,,I-94 E,R,Maple Grove,Hennepin,MN,55311,US,US/Central,KMIC,2021-06-20 12:53:00,72.0,72.0,61.0,28.64,10.0,S,12.0,0.0,Cloudy,False,False,False,False,True,False,False,False,False,False,False,False,False,Day,Day,Day,Day
C-1851837,2,2021-03-10 05:43:00.000000000,2021-03-10 20:11:51.000000000,40.70058,-73.80771700000003,40.701769,-73.80690600000001,0.0924857280147,Slow traffic from Archer Ave to 148th St / 147th Pl due to roadwork.,14700.0,Archer Ave,R,Jamaica,Queens,NY,11435-4315,US,US/Eastern,KJFK,2021-03-10 05:51:00,34.0,30.0,73.0,30.53,10.0,NE,5.0,0.0,Fair,True,False,True,False,False,False,True,False,True,False,False,True,False,Night,Night,Day,Day
C-1851838,2,2021-12-02 10:01:30.000000000,2021-12-02 10:22:30.000000000,36.608988,-110.472925,36.581438,-110.472075,1.9041076157900003,Stationary traffic on US-160 W - US-160 E from Tsiegi Canyon Rd (US-160) to AZ-564/Indian Rte 41 (US-160) due to roadwork.,,US-160 E,R,Kayenta,Navajo,AZ,86033,US,US/Mountain,KPGA,2021-12-02 09:53:00,47.0,47.0,34.0,25.91,10.0,CALM,0.0,0.0,Fair,False,False,False,False,False,False,False,False,False,False,False,False,False,Day,Day,Day,Day
C-1851839,2,2021-11-09 16:24:17.000000000,2021-11-09 17:01:02.000000000,25.771391,-80.312285,25.770217,-80.31282399999998,0.0877753161233,Slow traffic on FL-969 - FL-968 from Northwest Dr to Northwest Blvd due to roadwork.,,Northwest Dr,R,Miami,Miami-Dade,FL,33126,US,US/Eastern,KMIA,2021-11-09 16:53:00,77.0,77.0,56.0,30.08,10.0,VAR,7.0,0.0,Mostly Cloudy,False,False,False,False,False,False,False,False,False,False,False,False,False,Day,Day,Day,Day
C-1851840,2,2021-08-11 17:20:04.000000000,2021-08-11 17:42:58.000000000,47.682962,-117.282756,47.676362,-117.282918,0.456078834618,Slow traffic from E Empire Ave/E Euclid Ave (N Argonne Rd) to I-90 (N Argonne Rd) due to roadwork.,2817.0,N Argonne Rd,L,Spokane,Spokane,WA,99212-2245,US,US/Pacific,KSFF,2021-08-11 16:53:00,99.0,99.0,16.0,27.86,10.0,N,6.0,0.0,Fair,False,False,False,False,False,False,False,False,False,False,False,False,False,Day,Day,Day,Day
C-1851841,2,2019-04-16 21:01:12.000000000,2019-04-20 21:01:02.000000000,27.91051,-82.70149,27.893812,-82.691725,1.29869281334,Between SR-688/Ulmerton Rd and Roosevelt Blvd - Roadwork. Lane blocked.,,Roosevelt Blvd,R,Clearwater,Pinellas,FL,33762,US,US/Eastern,KPIE,2019-04-16 20:53:00,71.0,71.0,66.0,30.1,10.0,NNW,7.0,0.0,Fair,False,False,False,False,False,False,False,False,False,False,False,True,False,Night,Night,Night,Day
C-1851842,4,2019-07-18 09:00:00.000000000,2019-07-19 06:00:00.000000000,41.63869,-83.54528,41.638456,-83.545644,0.0247928377419999,Closed at Western Ave. - Closed due to roadwork.,599.0,Broadway St,L,Toledo,Lucas,OH,43604-8807,US,US/Eastern,KTDZ,2019-07-18 08:53:00,79.0,79.0,77.0,29.3,10.0,SSE,7.0,0.0,Fair,True,False,False,False,False,False,False,False,False,False,False,False,False,Day,Day,Day,Day
C-1851843,2,2019-06-23 17:55:59.000000000,2019-06-27 17:56:58.000000000,40.356523,-76.955285,40.331702,-76.920142,2.52310709561,Between PA-274/New Bloomfield Rd/Market St and I-81 - Roadwork. Lane blocked.,1033.0,State Rd,L,Duncannon,Perry,PA,17020-9543,US,US/Eastern,KCXY,2019-06-23 17:56:00,83.0,83.0,32.0,29.58,10.0,WNW,6.0,0.0,Fair,False,False,False,False,False,False,False,False,False,False,False,False,False,Day,Day,Day,Day
C-1851844,2,2020-12-23 02:35:00.000000000,2020-12-23 04:48:30.000000000,31.19452,-105.4395,31.191174,-105.428421,0.6944314060660001,Slow traffic on I-10 E from Lasca Branch Rd/Exit 99 (I-10) to I-10 Bus Loop/Exit 106 (WB)/Exit 105 (EB) (I-10) due to roadwork.,,I-10 E,R,Sierra Blanca,Hudspeth,TX,79851,US,US/Mountain,KGDP,2020-12-23 02:51:00,44.0,35.0,,24.57,10.0,WSW,23.0,0.0,Fair / Windy,False,False,False,False,False,False,False,False,False,False,False,False,False,Night,Night,Night,Night
C-1851845,2,2019-04-01 05:36:00.000000000,2020-07-01 19:27:53.000000000,46.940728,-119.995905,46.940368,-120.122865,5.98926290538,I-90 both directions milepost 34 to 136 North Bend to Vantage: Construction and maintenance projects will cause delays across I-90 between North Bend and Vantage due to rolling slowdowns and lane closures. Please plan for added travel time in order to make it to your destination on time.,,I-90 W,R,Ellensburg,Kittitas,WA,98926,US,US/Pacific,KELN,2019-04-01 05:53:00,37.0,37.0,82.0,28.13,10.0,CALM,0.0,0.0,Mostly Cloudy,False,False,False,False,False,False,False,False,False,False,False,False,False,Night,Night,Day,Day
C-1851846,4,2018-07-20 22:07:15.000000000,2018-07-21 01:07:32.000000000,39.9914,-83.02513,39.9914,-83.02513,0.0,At Cannon Dr - Roadwork.,,Olentangy Fwy N,R,Columbus,Franklin,OH,43212,US,US/Eastern,KOSU,2018-07-20 22:53:00,66.9,,93.0,29.83,10.0,SSE,10.4,0.01,Light Rain,False,False,False,False,False,False,False,False,False,False,False,False,False,Night,Night,Night,Day
C-1851847,2,2021-07-28 08:30:00.000000000,2021-07-28 16:46:00.000000000,41.869035,-123.295279,41.859565,-123.246219,2.60783902656,One-Way Traffic closure due to Maintenance Operation between 7.3 mi east of County Rd To Elk Creek and 1.2 mi west of Seiad Valley,51513.0,State Highway 96,R,Seiad Valley,Siskiyou,CA,96086-8808,US,US/Pacific,KSIY,2021-07-28 08:53:00,69.0,69.0,65.0,27.4,10.0,NNW,3.0,0.0,Fair,False,False,False,False,False,False,False,False,False,False,False,False,False,Day,Day,Day,Day
C-1851848,2,2020-07-02 15:00:00.000000000,2020-10-01 00:45:00.000000000,33.48116,-88.582266,33.48113,-88.596689,0.831179441045,Construction on US-82 WB near ARTESIA WEST POINT Expect delays.,,MS-12 W,R,Columbus,Lowndes,MS,39701,US,US/Central,KCBM,2020-07-02 14:56:00,83.0,83.0,70.0,29.71,10.0,CALM,0.0,0.0,Fair,False,False,False,False,True,False,False,False,False,False,False,False,False,Day,Day,Day,Day
C-1851849,2,2021-06-03 13:01:30.000000000,2021-06-03 13:40:30.000000000,37.690842,-112.148042,37.692466,-112.152172,0.252148302525,Stationary traffic on UT-12 from Center St (Main St/UT-12) to UT-63 (UT-12) due to roadwork.,,UT-12,R,Bryce,Garfield,UT,84764,US,US/Mountain,,,,,,,,,,,,False,False,False,False,False,False,False,False,False,False,False,False,False,Day,Day,Day,Day
C-1851850,2,2020-11-04 17:23:30.000000000,2020-11-06 07:59:00.000000000,42.880321,-74.040286,42.88215200000001,-74.042227,0.160193859961,Guard rail repairs on NY 5 both directions between Bridge Street; NY 103; Rotterdam Junction (Glenville) Not currently scheduled,5296.0,Amsterdam Rd,R,Schenectady,Schenectady,NY,12302-6424,US,US/Eastern,KSCH,2020-11-04 16:54:00,55.0,55.0,47.0,29.91,15.0,S,5.0,0.0,Fair,False,False,False,False,False,False,False,False,False,False,False,False,False,Night,Night,Day,Day
C-1851851,2,2016-08-09 07:00:00.000000000,2016-10-14 13:02:01.000000000,39.636331,-75.948348,39.644242,-75.929822,1.1271104246,At MD-279/Exit 109 - Roadwork.,,I-95 N,R,North East,Cecil,MD,21901,US,US/Eastern,KAPG,2016-08-09 06:45:00,64.4,,100.0,30.16,7.0,Calm,,,Scattered Clouds,False,False,False,False,False,False,False,False,False,False,False,False,False,Day,Day,Day,Day
C-1851852,2,2021-12-22 16:05:00.000000000,2021-12-22 17:29:30.000000000,42.416575,-83.335365,42.412561,-83.337184,0.292451146735,Slow traffic from Ravine St to Brookview Dr due to roadwork.,17762.0,Middlebelt Rd,R,Livonia,Wayne,MI,48152,US,US/Eastern,KVLL,2021-12-22 15:55:00,26.0,16.0,49.0,29.23,10.0,WSW,12.0,0.0,Partly Cloudy,False,False,False,False,False,False,False,False,False,False,False,False,False,Day,Day,Day,Day
C-1851853,2,2020-09-13 14:44:30.000000000,2020-09-13 22:16:58.000000000,44.948357,-93.299564,44.948383,-93.297008,0.12500241027,Slow traffic on CR-3 from S Knox Ave (Lake St W/CR-3) to CR-3/Lagoon Ave (CR-3) due to roadwork.,3001.0,Holmes Ave,L,Minneapolis,Hennepin,MN,55408-2628,US,US/Central,KMSP,2020-09-13 14:53:00,70.0,70.0,59.0,29.2,10.0,VAR,3.0,0.0,Fair,True,False,True,False,False,False,False,False,False,False,False,True,False,Day,Day,Day,Day
C-1851854,2,2021-07-28 14:50:00.000000000,2021-07-30 15:45:00.000000000,44.487881,-96.424454,44.503461,-96.424313,1.07649790618,Construction on MN-271 NB near MN-19 Allow extra time.,2998.0,State Highway 271,R,Hendricks,Lincoln,MN,56136-4101,US,US/Central,KCNB,2021-07-28 14:55:00,99.0,99.0,34.0,28.6,10.0,SW,16.0,0.0,Fair,False,False,False,False,False,False,False,False,False,False,False,False,False,Day,Day,Day,Day
C-1851855,2,2019-10-11 12:14:35.000000000,2019-10-15 12:14:30.000000000,37.80133,-122.42447,37.79945,-122.44578,1.1706319590799998,Between Van Ness Ave and Baker St - Construction work. Lane blocked.,,Van Ness Ave,R,San Francisco,San Francisco,CA,94109,US,US/Pacific,KOAK,2019-10-11 11:53:00,67.0,67.0,44.0,30.03,10.0,WSW,7.0,0.0,Partly Cloudy,False,False,True,False,False,False,False,False,False,False,False,True,False,Day,Day,Day,Day
C-1851856,2,2021-01-12 11:30:00.000000000,2021-01-12 15:46:00.000000000,34.008618,-117.423801,34.004993,-117.394702,1.6854017585299998,Lane closure due to Emergency Work between Opal St Ped and Rubidoux Blvd,,CA-60 E,R,Jurupa Valley,Riverside,CA,92509,US,US/Pacific,KRAL,2021-01-12 11:53:00,69.0,69.0,15.0,29.38,10.0,VAR,3.0,0.0,Fair,False,False,False,False,True,False,False,False,False,False,False,False,False,Day,Day,Day,Day
C-1851857,2,2020-08-20 02:01:00.000000000,2020-08-20 12:01:00.000000000,37.555008,-122.047202,37.552443,-122.05144,0.29205808613,Lane closure due to Highway Construction between Route 880 and Thornton Ave/Paseo Padre Pkwy,,CA-84 W,R,Fremont,Alameda,CA,94555,US,US/Pacific,KHWD,2020-08-20 01:54:00,66.0,66.0,65.0,29.86,7.0,CALM,0.0,0.0,Smoke,False,False,False,False,False,False,False,False,False,False,False,False,False,Night,Night,Night,Night
C-1851858,2,2020-09-28 14:00:00.000000000,2020-09-29 02:45:00.000000000,39.677348,-95.421097,39.674428000000006,-95.421178,0.201798763244,Construction on KS-20 WB near MM 20 Allow extra time.,598.0,S 2nd St,R,Everest,Brown,KS,66424-9117,US,US/Central,KSTJ,2020-09-28 13:53:00,64.0,64.0,41.0,29.15,10.0,NNW,17.0,0.0,Cloudy,False,False,False,False,False,False,False,False,False,False,False,False,False,Day,Day,Day,Day
C-1851859,2,2017-05-24 10:01:13.000000000,2017-05-24 16:01:13.000000000,40.66481,-73.82559,40.666332,-73.812914,0.6726100600830001,Between Lefferts Blvd/Exit 18 and 128th St - Construction work.,12204.0,S Conduit Ave,R,South Ozone Park,Queens,NY,11420-4219,US,US/Eastern,KJFK,2017-05-24 09:51:00,62.1,,84.0,29.76,10.0,North,9.2,,Overcast,False,False,False,False,False,False,False,False,False,False,False,False,False,Day,Day,Day,Day
C-1851860,2,2021-06-07 06:55:52.000000000,2021-06-08 07:42:13.000000000,39.649932,-78.895338,39.64952,-78.893968,0.0782448018549999,Construction on MD-743 EB near NATIONAL PIKE Expect long delays.,16800.0,Old National Pike SW,R,Frostburg,Allegany,MD,21532-3324,US,US/Eastern,KCBE,2021-06-07 06:55:00,70.0,70.0,88.0,29.32,10.0,CALM,0.0,0.0,Mostly Cloudy,False,False,False,False,False,False,False,False,False,False,False,False,False,Day,Day,Day,Day
C-1851861,2,2019-08-20 19:03:24.000000000,2019-08-25 18:38:33.000000000,40.268736,-76.6706,40.268172,-76.674875,0.228721936149,At US-422/PA-39/Hershey Park Dr - Roadwork. Lane blocked.,783.0,W Governor Rd,R,Hershey,Dauphin,PA,17033-2304,US,US/Eastern,KMDT,2019-08-21 18:56:00,81.0,81.0,72.0,29.53,10.0,S,3.0,0.0,Mostly Cloudy,False,False,True,False,False,False,False,False,False,False,False,True,False,Day,Day,Day,Day
C-1851862,2,2021-06-25 10:20:51.000000000,2021-06-25 10:45:13.000000000,40.603393,-74.067739,40.602358,-74.05757,0.538221326413,Slow traffic on Staten Island Expy E - I-278 E from Hylan Blvd/Exit 14 (I-278) to Verrazano-Narrows Bridge (Lower/Upper Level Split) (I-278) due to roadwork.,,I-278 E,R,Staten Island,Richmond,NY,10305,US,US/Eastern,KEWR,2021-06-25 09:51:00,72.0,72.0,57.0,30.29,10.0,SW,6.0,0.0,Mostly Cloudy,False,False,False,False,False,False,False,False,False,False,False,False,False,Day,Day,Day,Day
C-1851863,2,2021-11-23 15:51:14.000000000,2021-11-23 17:52:54.000000000,25.743883,-80.335636,25.747571,-80.33559100000002,0.254831920552,Slow traffic on County Hwy-913 - FL-973 from FL-976/SW 40th St/Bird Rd (Galloway Rd/SW 87th Ave/FL-973) to Coral Way/SW 24th St (Galloway Rd/SW 87th Ave/FL-973) due to roadwork.,2821.0,SW 87th Ave,L,Miami,Miami-Dade,FL,33155,US,US/Eastern,KMIA,2021-11-23 15:53:00,72.0,72.0,29.0,29.99,10.0,N,10.0,0.0,Fair,False,False,True,False,False,False,False,False,False,False,False,True,False,Day,Day,Day,Day
C-1851864,2,2021-12-15 16:09:44.000000000,2021-12-16 18:00:11.000000000,36.060956,-95.879929,36.060955,-95.880062,0.00742897151616,Construction on 71ST ST near HOUSE 8707 Allow extra time.,,Woodland Hills Mall,R,Tulsa,Tulsa,OK,74133,US,US/Central,KRVS,2021-12-15 15:53:00,78.0,78.0,52.0,28.98,10.0,S,24.0,0.0,Fair / Windy,False,False,True,False,False,False,False,False,False,True,False,False,False,Day,Day,Day,Day
C-1851865,3,2018-05-03 09:46:51.000000000,2018-06-01 23:59:00.000000000,35.076153000000005,-90.659218,,,4.07999992371,Intermittent lane closures due to bridge maintenance work on I-40 both ways between Exit 247 County Road 419 and Exit 256 AR-75.,,US-63 E,R,Widener,St. Francis,AR,72394,US,US/Central,KAWM,2018-05-03 09:53:00,73.9,,76.0,30.11,10.0,SSW,15.0,,Mostly Cloudy,False,False,False,False,False,False,False,False,False,False,False,False,False,Day,Day,Day,Day
C-1851866,4,2021-05-05 07:00:00.000000000,2021-11-22 20:52:38.000000000,36.901971,-76.25652099999998,36.906421,-76.25562099999998,0.311460647008,Construction on I-64 WB near MM 278 Take alternate route.,,Tidewater Dr,R,Norfolk,Norfolk,VA,23513,US,US/Eastern,KORF,2021-09-08 22:59:00,75.0,75.0,87.0,29.83,9.0,SSE,8.0,0.0,Mostly Cloudy,False,False,False,False,False,False,False,False,False,False,False,False,False,Day,Day,Day,Day
C-1851867,2,2021-03-30 05:30:30.000000000,2021-03-30 18:54:34.000000000,26.23294000000001,-80.102913,26.231802,-80.103799,0.0959048326657,Slow traffic on FL-814 - US-1 S - FL-5 from NE 2nd St to NE 20th Ave due to roadwork.,59.0,N Federal Hwy,L,Pompano Beach,Broward,FL,33062-4304,US,US/Eastern,KPMP,2021-03-30 05:53:00,76.0,76.0,85.0,30.1,10.0,E,7.0,0.0,Partly Cloudy,False,False,False,False,False,False,False,False,False,False,False,False,False,Night,Night,Night,Night
C-1851868,3,2017-10-05 02:03:47.000000000,2017-10-05 06:00:00.000000000,41.16692000000001,-73.20506999999998,,,2.42000007629,Right and center lane closed due to construction work on I-95 Northbound from Exit 24 Chambers St to Exit 26 Wordin Ave.,,Wordin Ave,R,Bridgeport,Fairfield,CT,06605,US,US/Eastern,KBDR,2017-10-05 01:52:00,68.0,,76.0,30.15,10.0,SW,15.0,,Overcast,False,False,False,False,False,False,False,False,False,False,False,False,False,Night,Night,Night,Night
C-1851869,2,2021-09-24 19:08:30.000000000,2021-09-24 19:28:30.000000000,33.447152,-112.073478,33.446569000000004,-112.067301,0.358383460502,Slow traffic from S 1st Ave (W Jefferson St) to S 5th St (E Jefferson St) due to roadwork.,5.0,E Jefferson St,R,Phoenix,Maricopa,AZ,85004,US,US/Mountain,KPHX,2021-09-24 18:51:00,88.0,88.0,29.0,28.68,10.0,SW,6.0,0.0,Mostly Cloudy,False,False,True,False,False,False,True,False,False,False,False,True,False,Night,Night,Day,Day
C-1851870,2,2021-09-21 12:38:30.000000000,2021-09-23 02:58:19.000000000,39.353155,-77.968335,39.353975,-77.968356,0.0566677117821,Roadwork on Platt Mountain Ln from Strobridge Rd to County Hwy-51/7.,3886.0,Sulphur Springs Rd,R,Inwood,Berkeley,WV,25428-3918,US,US/Eastern,KMRB,2021-09-21 12:42:00,70.0,70.0,78.0,29.67,10.0,CALM,0.0,0.0,Cloudy,False,False,False,False,False,False,False,False,False,False,False,False,False,Day,Day,Day,Day
C-1851871,2,2020-06-10 22:01:26.000000000,2020-06-23 10:39:39.000000000,41.46745,-73.82119,41.40853,-73.78678000000002,4.44406144733,Between I-84 and RT-301 - Roadwork.,,Taconic State Pkwy,R,Carmel,Putnam,NY,10512,US,US/Eastern,KDXR,2020-06-10 21:53:00,69.0,69.0,93.0,29.5,10.0,SSE,14.0,0.0,Partly Cloudy,False,False,False,False,True,False,False,False,False,True,False,False,False,Night,Night,Night,Day
C-1851872,2,2021-08-25 13:52:20.000000000,2021-08-25 15:57:32.000000000,40.759496,-73.99184699999998,40.757589,-73.990643,0.146053367771,Slow traffic from W 44th St to 8th Ave due to roadwork.,612.0,9th Ave,R,New York,New York,NY,10036-3731,US,US/Eastern,KNYC,2021-08-25 13:51:00,89.0,89.0,46.0,30.01,10.0,CALM,0.0,0.0,Fair,True,False,True,False,False,False,False,False,True,False,False,True,False,Day,Day,Day,Day
C-1851873,3,2021-07-21 22:22:14.000000000,2021-07-22 01:12:25.000000000,40.54998,-74.542839,,,1.85000002384,Exit ramp from I-287 Eastbound at Exit 12 to Weston Canal Rd Eastbound closed due to maintenance work.,399.0,Campus Dr,R,Somerset,Somerset,NJ,08873-1125,US,US/Eastern,KSMQ,2021-07-21 21:53:00,72.0,72.0,66.0,29.84,10.0,N,5.0,0.0,Fair,False,False,False,False,False,False,False,False,False,False,False,False,False,Night,Night,Night,Night
C-1851874,2,2021-08-06 17:35:25.000000000,2021-08-06 17:57:41.000000000,42.104064,-80.094954,42.101785,-80.101089,0.351717620914,Stationary traffic on US-20 W - US-20 E from Liberty St (W 26th St/US-20) to Greengarden Blvd (W 26th St/US-20) due to roadwork.,1017.0,W 26th St,L,Erie,Erie,PA,16508-1515,US,US/Eastern,KERI,2021-08-06 17:51:00,82.0,82.0,51.0,29.27,10.0,WNW,8.0,0.0,Fair,False,False,True,False,False,False,False,False,False,False,False,True,False,Day,Day,Day,Day
C-1851875,3,2020-09-30 23:09:48.000000000,2020-10-01 08:00:00.000000000,33.708858,-117.359642,,,1.6699999570800002,Exit ramp from I-15 Southbound at Exit 78 to Nichols Rd closed due to construction work.,,Corona Fwy S,R,Lake Elsinore,Riverside,CA,92530,US,US/Pacific,KF70,2020-09-30 23:15:00,75.0,75.0,31.0,28.55,10.0,CALM,0.0,0.0,Fair,False,False,False,False,False,False,False,False,False,False,False,False,False,Night,Night,Night,Night
C-1851876,2,2020-09-29 03:30:00.000000000,2020-09-29 12:45:00.000000000,37.586658,-77.474288,37.581466,-77.469564,0.442258551066,Construction on I-64 EB near MM 187 Drive with caution.,,I-64 E,R,Richmond,Richmond City,VA,23227,US,US/Eastern,KOFP,2020-09-29 03:36:00,71.0,71.0,87.0,29.66,10.0,S,7.0,0.0,Cloudy,False,False,False,False,True,False,False,False,False,False,False,False,False,Night,Night,Night,Night
C-1851877,2,2021-10-21 18:05:30.000000000,2021-10-21 18:32:30.000000000,38.831298,-77.201011,38.830126,-77.194395,0.3651901494089999,Slow traffic on VA-236 from Heritage Dr/Hummer Rd (Little River Tpke/VA-236) to Backlick Rd (Little River Tpke/VA-236) due to roadwork.,7413.0,Little River Tpke,R,Annandale,Fairfax County,VA,22003-2901,US,US/Eastern,KDAA,2021-10-21 17:56:00,68.0,68.0,69.0,29.82,10.0,ESE,3.0,0.0,Fair,False,False,True,False,False,False,False,False,False,False,False,True,False,Day,Day,Day,Day
C-1851878,2,2020-04-30 13:10:08.000000000,2020-05-04 12:57:28.000000000,40.43173,-104.99257,40.43173,-104.99257,0.0,At US-34/Eisenhower Blvd/Exit 257 - Roadwork.,,I-25 S,R,Loveland,Larimer,CO,80538,US,US/Mountain,KFNL,2020-04-30 12:56:00,70.0,70.0,36.0,24.91,10.0,SW,9.0,0.0,Fair,False,False,False,False,False,False,False,False,False,False,False,False,False,Day,Day,Day,Day
C-1851879,2,2021-07-01 22:01:00.000000000,2021-07-02 04:59:00.000000000,37.610396,-122.392233,37.624236,-122.400923,1.06799456845,Lane closure due to Highway Construction between SB On-Ramp from S.F. Airport and San Bruno Ave,,Bayshore Fwy N,R,Millbrae,San Mateo,CA,94030,US,US/Pacific,KSFO,2021-07-01 21:56:00,62.0,62.0,75.0,29.91,10.0,W,18.0,0.0,Cloudy,False,False,False,False,True,False,False,False,False,False,False,False,False,Night,Night,Night,Day
C-1851880,2,2021-06-08 21:46:00.000000000,2021-12-29 11:57:30.000000000,28.808793,-98.881443,28.798929,-98.898903,1.2577674253,Stationary traffic on TX-85 from CR-349/Davis Switch Rd (TX-85) to CR-3501/Keystone Rd (TX-85) due to roadwork.,20913.0,E State Highway 85,R,Pearsall,Frio,TX,78061,US,US/Central,KCOT,2021-07-27 10:53:00,88.0,88.0,61.0,29.51,10.0,VAR,6.0,0.0,Fair,False,False,False,False,False,False,False,False,False,False,False,False,False,Night,Night,Night,Day
C-1851881,4,2021-05-11 09:00:00.000000000,2021-05-11 13:00:00.000000000,39.064646,-95.736097,39.06554600000001,-95.732887,0.183088013609,US-75 N is closed from SW Fairlawn Rd (I-70/US-40/KS-4/US-75) to I-70/US-40/KS-4 (Topeka) (North) (US-75) due to roadwork.,,I-70 E,R,Topeka,Shawnee,KS,66606,US,US/Central,KTOP,2021-05-11 08:53:00,52.0,52.0,71.0,29.32,10.0,NNE,3.0,0.0,Cloudy,False,False,False,False,True,False,False,False,False,False,False,False,False,Day,Day,Day,Day
C-1851882,2,2021-09-23 16:10:05.000000000,2021-09-23 18:16:42.000000000,26.106081,-80.13686700000002,26.107643,-80.13764499999998,0.118226899419,Stationary traffic on US-1 N - FL-736 - FL-5 from SE 13th St to SE 4th Ave due to roadwork.,1278.0,S Federal Hwy,L,Fort Lauderdale,Broward,FL,33316-2067,US,US/Eastern,KFLL,2021-09-23 16:04:00,86.0,86.0,77.0,29.83,10.0,SSE,13.0,0.0,Mostly Cloudy,False,False,False,False,False,False,False,False,False,False,False,False,False,Day,Day,Day,Day
C-1851883,2,2021-12-24 12:18:30.000000000,2021-12-28 23:59:52.000000000,44.536337,-118.598384,44.499986,-118.637303,3.15982632022,Roadwork on OR-7 (US-26) from NW McHaley Ave/Bridge St (US-26) to US-26 E - US-26 W.,,John Day Hwy,R,Prairie City,Grant,OR,97869,US,US/Pacific,KGCD,2021-12-24 12:15:00,30.0,18.0,81.0,25.57,1.0,S,17.0,0.0,Light Snow,False,False,False,False,False,False,False,False,False,False,False,False,False,Day,Day,Day,Day
C-1851884,4,2020-11-10 04:01:00.000000000,2020-11-10 13:46:00.000000000,37.565656,-122.036894,37.566306,-122.041284,0.244585819927,Full closure due to Striping Operation between Decoto Rd and Route 880,4699.0,Decoto Rd,L,Fremont,Alameda,CA,94555,US,US/Pacific,KHWD,2020-11-10 03:54:00,42.0,38.0,51.0,30.2,10.0,ENE,6.0,0.0,Fair,False,False,False,False,False,False,False,False,False,False,False,False,False,Night,Night,Night,Night
C-1851885,2,2021-08-12 07:59:12.000000000,2021-08-12 08:11:51.000000000,35.078802,-81.71876999999998,35.076489,-81.730856,0.701831494137,Slow traffic on I-85 S from Hyatt St/Exit 90 (I-85) to Green River Rd/Exit 86 (I-85) due to roadwork.,,I-85 S,R,Gaffney,Cherokee,SC,29341,US,US/Eastern,KEHO,2021-08-12 07:55:00,69.0,69.0,100.0,29.26,0.25,CALM,0.0,0.0,Fog,False,False,False,False,False,False,False,False,False,False,False,False,False,Day,Day,Day,Day
C-1851886,2,2021-09-24 07:01:00.000000000,2021-09-24 17:46:00.000000000,38.347033,-120.922937,38.350092,-120.930321,0.4525070080039999,Construction on CA-104 WB near FOOTHILL BLVD Expect delays.,5595.0,State Highway 104,R,Ione,Amador,CA,95640-9632,US,US/Pacific,KMHR,2021-09-24 06:55:00,61.0,61.0,52.0,29.76,10.0,CALM,0.0,0.0,Fair,False,False,False,False,False,False,False,False,False,False,False,False,False,Day,Day,Day,Day
C-1851887,3,2021-07-09 04:06:51.000000000,2021-07-09 05:01:00.000000000,37.785412,-122.392464,,,0.0399999991059,Entry ramp to I-80 Eastbound from 1st St closed due to construction during the night.,477.0,1st St,L,San Francisco,San Francisco,CA,94105-2603,US,US/Pacific,KOAK,2021-07-09 03:53:00,61.0,61.0,78.0,29.84,10.0,NNW,5.0,0.0,Fair,False,False,False,False,False,False,False,False,False,False,False,False,False,Night,Night,Night,Day
C-1851888,2,2020-10-19 07:00:00.000000000,2020-10-24 06:59:59.000000000,43.101841,-73.580512,43.099931,-73.581307,0.137928293709,Construction on US 4 both directions at Ferry Street; NY 29 (Saratoga) Wednesday September 16th 2020 thru Saturday October 31st 2020 Monday thru Friday 07:00 AM thru 03:00 PM alternate lanes closed,39.0,Saratoga St,L,Schuylerville,Saratoga,NY,12871-1208,US,US/Eastern,KGFL,2020-10-19 06:53:00,47.0,47.0,86.0,29.96,10.0,CALM,0.0,0.0,Cloudy,False,False,False,False,False,False,False,False,False,False,False,False,False,Night,Day,Day,Day
C-1851889,3,2019-08-16 02:16:26.000000000,2019-08-16 05:00:00.000000000,34.405190000000005,-118.574753,,,0.879999995232,Exit ramp from I-5 Northbound at Exit 169 to Valencia Blvd blocked due to paving repairs.,,Golden State Fwy N,R,Valencia,Los Angeles,CA,91355,US,US/Pacific,K3A6,2019-08-16 01:51:00,68.0,68.0,70.0,29.04,10.0,E,5.0,0.0,Fair,False,False,False,False,True,False,False,False,False,False,False,False,False,Night,Night,Night,Night
C-1851890,2,2020-10-30 22:39:31.000000000,2020-10-31 01:45:30.000000000,31.584642,-97.109931,31.536539,-97.129451,3.5166763090800006,Slow traffic on I-35 from Behrens Cir/Exit 338B (I-35) to 17th St/18th St/Exit 334 (I-35) due to roadwork.,,I-35 S,R,Waco,McLennan,TX,76705,US,US/Central,KCNW,2020-10-30 22:55:00,45.0,45.0,87.0,29.73,10.0,CALM,0.0,,Fair,False,False,False,False,False,False,False,False,False,False,False,False,False,Night,Night,Night,Night
C-1851891,2,2020-10-28 13:32:30.000000000,2020-10-28 20:16:45.000000000,28.356851,-80.701844,28.357523,-80.70009300000002,0.116149208978,Queuing traffic on FL-520 - FL-3 from S Tropical Trl to Palmetto Ave due to roadwork.,119.0,W Merritt Island Cswy,R,Merritt Island,Brevard,FL,32952-4801,US,US/Eastern,KCOF,2020-10-28 13:56:00,86.0,86.0,66.0,30.01,10.0,ESE,12.0,0.0,Fair,False,False,True,False,False,False,False,False,False,False,False,False,False,Day,Day,Day,Day
C-1851893,4,2020-08-18 06:01:00.000000000,2020-08-18 12:01:00.000000000,33.681153,-117.671477,33.681249,-117.673515,0.117362662823,Full closure due to Methacrylate Deck Seal Treatme between Alton Pkwy and Foothill Toll Rd Rte 241,19251.0,Alton Pkwy,R,Foothill Ranch,Orange,CA,92610,US,US/Pacific,KSNA,2020-08-18 06:02:00,72.0,72.0,84.0,29.85,10.0,S,7.0,0.0,Mostly Cloudy,False,False,False,False,False,False,False,False,False,False,False,False,False,Night,Day,Day,Day
C-1851894,2,2017-10-15 10:30:56.000000000,2017-10-22 15:01:07.000000000,25.81044,-80.19533,25.810471,-80.194564,0.0476937901612,At NE 2nd Ave - Construction work.,3601.0,N Miami Ave,R,Miami,Miami-Dade,FL,33137,US,US/Eastern,KMIA,2017-10-15 10:53:00,87.1,,63.0,30.06,10.0,East,8.1,,Scattered Clouds,True,False,False,False,False,False,False,False,False,False,False,True,False,Day,Day,Day,Day
C-1851895,2,2019-09-30 13:37:30.000000000,2019-10-04 13:37:04.000000000,41.942249,-71.021734,41.964643,-71.02793199999998,1.57971435384,Between I-495/Exit 14 and RT-104/Exit 15 - Construction work.,,MA-24 N,R,Raynham,Bristol,MA,02767,US,US/Eastern,KTAN,2019-09-30 13:52:00,66.0,66.0,47.0,30.28,10.0,VAR,3.0,0.0,Partly Cloudy,False,False,False,False,False,False,False,False,False,False,False,False,False,Day,Day,Day,Day
C-1851896,2,2021-03-06 06:41:30.000000000,2021-12-30 19:11:41.000000000,36.991497,-77.689699,37.005856,-77.669005,1.51270554916,Construction on I-85 NB near MM 45 Construction. Right lane closed.,,I-85 N,R,Mc Kenney,Dinwiddie,VA,23872,US,US/Eastern,KPTB,2021-04-21 08:35:00,56.0,56.0,74.0,29.51,10.0,S,3.0,0.0,Fair,False,False,False,False,False,False,False,False,False,False,False,False,False,Day,Day,Day,Day
C-1851897,2,2020-10-05 17:00:00.000000000,2020-10-10 06:59:59.000000000,40.63721500000001,-73.263326,40.624175,-73.262316,0.902533411884,Construction on Robert Moses Causeway both directions at Fire Island Inlet Bridge (Islip) Monday October 5th 2020 thru Friday October 9th 2020 Monday thru Friday 10:00 AM thru 03:00 PM 1 lane blocked,,Robert Moses Cswy S,R,Babylon,Suffolk,NY,11702,US,US/Eastern,KFRG,2020-10-05 19:30:00,63.0,63.0,72.0,30.07,10.0,CALM,0.0,0.0,Fair,False,False,False,False,False,False,False,False,False,False,False,False,False,Day,Day,Day,Day
C-1851898,3,2018-07-19 14:09:30.000000000,2018-07-19 20:00:00.000000000,40.848683,-101.725441,41.00327,-101.72831,10.6819944896,At Road West 10 - Construction work. look out for flagman.,101.0,E 9th St,L,Grant,Perkins,NE,69140-3113,US,US/Mountain,KOGA,2018-07-19 14:15:00,90.1,,39.0,29.96,10.0,Calm,,,Clear,False,False,False,False,False,False,False,False,False,False,False,False,False,Day,Day,Day,Day
C-1851899,2,2020-07-14 16:30:00.000000000,2020-07-30 12:15:00.000000000,33.49387,-112.237749,33.494273,-112.237742,0.0278475691861,Construction on 83RD AVE near 83RD AVE Allow extra time.,4077.0,N 83rd Ave,R,Phoenix,Maricopa,AZ,85033-3452,US,US/Mountain,KGEU,,,,,,,,,,,False,False,True,False,False,False,False,False,False,False,False,True,False,Day,Day,Day,Day
C-1851900,2,2020-10-03 17:03:36.000000000,2020-10-04 17:50:45.000000000,44.951301,-93.11605,44.951831,-93.12194,0.290326210818,Construction on I-94 WB near DALE ST Allow extra time.,,I-94 W,R,Saint Paul,Ramsey,MN,55103,US,US/Central,KSTP,2020-10-03 16:53:00,50.0,50.0,44.0,29.44,10.0,NE,3.0,0.0,Cloudy,False,False,False,False,False,False,False,False,False,False,False,False,False,Day,Day,Day,Day
C-1851901,2,2021-12-22 14:24:42.000000000,2021-12-22 14:44:42.000000000,40.818938,-73.914056,40.81610300000001,-73.91759,0.269289345477,Slow traffic from St Anns Ave/E 161st St (3rd Ave) to Lincoln Ave/E 138th St (3rd Ave) due to roadwork.,2998.0,3rd Ave,R,Bronx,Bronx,NY,10455-2551,US,US/Eastern,KLGA,2021-12-22 14:51:00,47.0,39.0,41.0,29.57,10.0,NW,24.0,0.0,Fair / Windy,True,False,True,False,False,False,True,False,True,False,False,True,False,Day,Day,Day,Day
C-1851902,2,2021-09-01 21:00:00.000000000,2021-09-02 05:00:00.000000000,38.999851,-77.077087,,,0.0,One lane closed due to construction on MD-185 Connecticut Ave both ways at Jones Bridge Rd.,,Jones Bridge Rd,R,Chevy Chase,Montgomery,MD,20815,US,US/Eastern,KCGS,2021-09-01 20:55:00,67.0,67.0,90.0,29.53,7.0,NNW,10.0,0.0,Cloudy,False,False,True,False,False,False,False,False,False,False,False,True,False,Night,Night,Night,Day
C-1851903,1,2020-06-23 20:00:57.000000000,2020-06-24 07:00:00.000000000,28.22093,-81.31697,28.09046,-81.27111,9.43758272199,Between Kissimmee Park Rd/Exit 240 and Canoe Creek Service Plaza - Roadwork during the night.,2659.0,Kissimmee Park Rd,R,Saint Cloud,Osceola,FL,34772,US,US/Eastern,KISM,2020-06-23 19:56:00,85.0,85.0,69.0,29.91,10.0,CALM,0.0,0.0,Partly Cloudy,False,False,False,False,False,False,False,False,False,False,False,False,False,Day,Day,Day,Day
C-1851904,2,2021-05-11 05:26:30.000000000,2021-05-11 16:54:41.000000000,25.729937,-80.367654,25.732392,-80.368916,0.186929035036,Slow traffic on FL-976 - FL-985 from SW 41st Ter to SW 108th Ave due to roadwork.,4138.0,SW 107th Ave,R,Miami,Miami-Dade,FL,33165-4861,US,US/Eastern,KMIA,2021-05-11 05:53:00,77.0,77.0,84.0,30.05,10.0,CALM,0.0,0.0,Fair,False,False,False,False,False,False,False,False,False,False,False,False,False,Night,Night,Night,Day
C-1851905,2,2020-05-20 11:58:00.000000000,2020-05-20 13:50:12.000000000,25.9263,-80.24934,25.9263,-80.24934,0.0,At SR-817/27th Ave - Roadwork. Left lane closed.,,Palmetto Expy S,R,Opa Locka,Miami-Dade,FL,33054,US,US/Eastern,KOPF,2020-05-20 12:00:00,86.0,86.0,63.0,29.95,10.0,SW,5.0,0.0,Thunder in the Vicinity,False,False,False,False,False,False,False,False,False,False,False,False,False,Day,Day,Day,Day
C-1851906,2,2021-04-08 20:44:30.000000000,2021-04-09 01:38:30.000000000,47.132208,-122.534249,47.129855,-122.538223,0.247640911537,Stationary traffic on I-5 S from Gravelly Lake Dr/Exit 124 (I-5) to Thorne Ln/Exit 123 (I-5) due to roadwork.,,I-5 S,R,Lakewood,Pierce,WA,98439,US,US/Pacific,KTCM,2021-04-08 20:58:00,46.0,41.0,54.0,29.96,10.0,W,9.0,0.0,Fair,False,False,False,False,False,False,False,False,False,False,False,False,False,Night,Night,Day,Day
C-1851907,2,2018-06-26 20:50:59.000000000,2018-06-27 10:06:59.000000000,40.16053,-77.00352,40.19191,-76.97819,2.54735689611,Between Carroll Dr and Cumberland Pky/Winding Hill Rd - Roadwork. Open.,,US-15 N,R,Mechanicsburg,Cumberland,PA,17055,US,US/Eastern,KCXY,2018-06-26 20:56:00,77.0,,52.0,30.12,10.0,South,11.5,,Scattered Clouds,False,False,False,False,False,False,False,False,False,False,False,False,False,Night,Day,Day,Day
C-1851908,2,2021-04-17 10:01:00.000000000,2021-04-17 12:46:00.000000000,38.616803,-121.420372,38.624413,-121.416232,0.5713257707289999,Construction on CAPITAL CITY FWY NB near MARCONI AVE Expect delays.,,Capital City Fwy E,R,Sacramento,Sacramento,CA,95821,US,US/Pacific,KMCC,2021-04-17 09:45:00,64.0,64.0,42.0,29.9,10.0,WSW,3.0,,Fair,False,False,False,False,True,False,False,False,False,False,False,False,False,Day,Day,Day,Day
C-1851909,2,2021-08-07 12:07:14.000000000,2021-08-07 12:52:29.000000000,30.680362,-88.000517,30.69055800000001,-88.02390799999998,1.55821394871,Slow traffic on AL-13 - US-90 W - US-98 W from I-10 (Spanish Fort) (US-90) to I-10 (Mobile) (East) (US-90) due to roadwork.,1271.0,Battleship Pkwy,R,Daphne,Baldwin,AL,36527-9321,US,US/Central,KBFM,2021-08-07 11:53:00,89.0,89.0,57.0,30.06,10.0,E,6.0,0.0,Fair,False,False,False,False,False,False,False,False,False,False,False,False,False,Day,Day,Day,Day
C-1851910,2,2021-09-08 18:18:30.000000000,2021-09-08 20:30:53.000000000,39.763718,-86.339596,39.763699,-86.33254000000002,0.374755907691,Slow traffic on US-36 E - US-36 W from IN-267 (US-36) to Raceway Rd (Rockville Rd/US-36) due to roadwork.,10342.0,E US Highway 36,L,Avon,Hendricks,IN,46123-7050,US,US/Eastern,KIND,2021-09-08 17:54:00,79.0,79.0,30.0,28.99,10.0,W,16.0,0.0,Partly Cloudy,False,False,False,False,False,False,False,False,False,False,False,False,False,Day,Day,Day,Day
C-1851911,2,2020-09-25 23:46:30.000000000,2020-09-26 00:00:00.000000000,39.895554,-83.84885200000002,39.895167,-83.860447,0.615228263558,Slow traffic on I-70 from OH-72/Exit 54 (I-70) to Enon Rd/Exit 48 (I-70) due to roadwork.,,I-70 W,R,Springfield,Clark,OH,45502,US,US/Eastern,KSGH,2020-09-25 23:56:00,67.0,67.0,87.0,28.88,10.0,S,3.0,0.0,Cloudy,False,False,False,False,False,False,False,False,False,False,False,False,False,Night,Night,Night,Night
C-1851912,3,2020-02-15 22:00:00.000000000,2020-02-16 22:00:00.000000000,40.847923,-73.942825,,,1.89999997616,Left lane closed due to bridge maintenance work on I-95 George Washington Bridge Northbound from New Jersey to New York.,,Riverside Dr,R,New York,New York,NY,10032,US,US/Eastern,KNYC,2020-02-15 21:51:00,29.0,21.0,47.0,30.21,10.0,SSW,8.0,0.0,Fair,False,False,False,False,False,False,False,False,False,False,False,False,False,Night,Night,Night,Night
C-1851913,2,2017-10-16 05:11:34.000000000,2017-10-16 06:00:00.000000000,40.958393,-74.143578,,,11.2299995422,One lane closed due to construction work on NJ-208 both ways between NJ-4 Broadway and County Hwy-653 Lincoln Ave.,,State Route 208,R,Hawthorne,Passaic,NJ,07506,US,US/Eastern,KCDW,2017-10-16 04:53:00,61.0,,97.0,29.88,10.0,NW,3.5,0.0,Overcast,False,False,False,False,False,False,False,False,False,False,False,False,False,Night,Night,Night,Night
C-1851914,2,2019-09-06 10:22:10.000000000,2019-09-10 10:22:21.000000000,40.24128,-75.57571999999998,40.195381,-75.525281,4.1399006257,Between Armand Hammer Blvd and Walnut St - Roadwork. Open.,,Evergreen Rd,R,Pottstown,Montgomery,PA,19464,US,US/Eastern,KPTW,2019-09-06 09:54:00,62.0,62.0,84.0,29.6,10.0,NNE,8.0,0.0,Cloudy,False,False,False,False,False,False,False,False,False,False,False,False,False,Day,Day,Day,Day
C-1851915,3,2016-11-29 03:35:59.000000000,2016-12-05 15:02:03.000000000,42.03561,-87.96024,42.02243,-87.95989,0.910828417441,At IL-83/E Higgins Rd - Roadwork.,1630.0,S Busse Rd,L,Mount Prospect,Cook,IL,60056,US,US/Central,KPWK,2016-11-29 03:52:00,45.0,41.8,80.0,29.34,10.0,SSW,5.8,,Clear,False,False,False,False,False,False,False,False,False,False,False,True,False,Night,Night,Night,Night
C-1851916,2,2020-11-25 12:45:00.000000000,2020-11-27 00:42:41.000000000,45.788805,-118.197787,45.783229,-118.11791399999998,3.867645816030002,Roadwork on Williamson Rd (OR-204) from NF-3727/NF-021 (OR-204) to OR-204.,59501.0,Weston Elgin Hwy,R,Weston,Umatilla,OR,97886,US,US/Pacific,KMEH,2020-11-25 12:56:00,34.0,34.0,85.0,26.18,0.5,CALM,0.0,0.06,Snow,False,False,False,False,False,False,False,False,False,False,False,False,False,Day,Day,Day,Day
C-1851917,2,2021-04-30 02:48:00.000000000,2021-11-19 15:29:00.000000000,34.342821,-119.415882,34.304891,-119.347572,4.69698448219,Construction on US-101 SB near OCEAN DR Construction. Expect long delays.,,El Camino Real S,R,Ventura,Ventura,CA,93001,US,US/Pacific,KOXR,2021-08-04 20:51:00,62.0,62.0,84.0,29.79,8.0,W,8.0,0.0,Fair,False,False,False,False,False,False,False,False,False,False,False,False,False,Night,Night,Night,Night
C-1851918,2,2020-08-12 01:47:08.000000000,2020-08-15 02:14:15.000000000,41.943962,-90.331834,41.944662,-90.332699,0.0656911323204,Construction on IA-136 WB near US-67 Expect long delays.,3918.0,Highway 136,R,Bryant,Clinton,IA,52727-9602,US,US/Central,KCWI,2020-08-12 01:56:00,59.0,59.0,96.0,29.29,10.0,NE,6.0,0.0,Fair,False,False,False,False,False,False,False,False,False,False,False,False,False,Night,Night,Night,Night
C-1851919,2,2021-11-10 13:20:00.000000000,2021-11-10 13:41:00.000000000,41.643902,-75.50314300000002,41.652562,-75.51760300000002,0.956751134226,Stationary traffic on PA-247 from PA-171/Main St (Dundaff St/PA-247) to PA-2023 (Forest City) (North) (PA-247) due to roadwork.,5398.0,State Route 247,L,Clifford Township,Susquehanna,PA,18421-7891,US,US/Eastern,KAVP,2021-11-10 12:54:00,59.0,59.0,46.0,29.12,10.0,NW,9.0,0.0,Fair,False,False,False,False,False,False,False,False,False,False,False,False,False,Day,Day,Day,Day
C-1851920,4,2019-01-21 10:11:21.000000000,2019-01-21 15:10:42.000000000,32.71804,-111.50725,32.72612,-111.52047,0.949841578551,Closed between Picacho Hwy/Exit 212 and AZ-84/Exit 211B - Closed due to roadwork.,,Pearl Harbor Memorial Highway,R,Eloy,Pinal,AZ,85131,US,US/Mountain,KP08,2019-01-21 10:15:00,60.8,,34.0,29.94,10.0,SSW,6.9,,Clear,False,False,False,False,False,False,False,False,False,False,False,False,False,Day,Day,Day,Day
C-1851921,2,2020-12-24 05:36:04.000000000,2020-12-24 14:21:04.000000000,44.091642,-123.099437,44.097756,-123.134765,1.8032344279900003,Road maintenance operations are occurring causing no to minimum delays. Use caution.,,Randy Papé Beltline W,R,Eugene,Lane,OR,97408,US,US/Pacific,KEUG,2020-12-24 05:47:00,32.0,32.0,100.0,29.85,0.12,CALM,0.0,0.0,Fog,False,False,False,False,False,False,False,False,False,False,False,False,False,Night,Night,Night,Night
C-1851922,2,2021-12-08 12:10:30.000000000,2021-12-08 14:13:54.000000000,39.915487,-75.161387,39.915223,-75.159223,0.116121014207,Slow traffic from PA-611/S Broad St (W Oregon Ave) to S Front St (W Oregon Ave) due to roadwork.,726.0,W Oregon Ave,L,Philadelphia,Philadelphia,PA,19148-4539,US,US/Eastern,KPHL,2021-12-08 11:54:00,41.0,41.0,43.0,29.98,10.0,CALM,0.0,0.0,Cloudy,False,False,True,False,False,False,False,False,False,True,False,True,False,Day,Day,Day,Day
C-1851923,2,2021-04-26 07:49:57.000000000,2021-04-26 19:19:30.000000000,37.837705,-94.703692,37.844451,-94.702305,0.4722082851899999,Slow traffic on KS-7 - KS-7 N - US-69 N from Jayhawk Rd (KS-7/Fairway Dr/US-69) to US-54/E Wall St (US-54/KS-7/US-69) due to roadwork.,,KS-7,R,Fort Scott,Bourbon,KS,66701,US,US/Central,KFSK,2021-04-26 07:55:00,63.0,63.0,69.0,28.76,10.0,S,17.0,0.0,Fair,False,False,False,False,False,False,False,False,False,False,False,False,False,Day,Day,Day,Day
C-1851924,2,2021-07-08 14:44:00.000000000,2021-07-08 19:10:00.000000000,41.957057,-87.736132,41.961027,-87.74260799999998,0.431222038253,Slow traffic on I-94 W - I-90 W - Kennedy Expy W from Keeler Ave/Exit 44A (I-90/I-94) to I-90/I-94 (Chicago) (North) (I-90/I-94) due to roadwork.,,I-90 W,R,Chicago,Cook,IL,60641,US,US/Central,KORD,2021-07-08 14:51:00,67.0,67.0,76.0,29.22,10.0,NNW,8.0,0.0,Cloudy,False,False,False,False,True,False,False,False,False,False,False,False,False,Day,Day,Day,Day
C-1851925,2,2020-10-27 03:57:30.000000000,2020-10-27 04:55:30.000000000,45.65698,-110.62888,45.66439,-110.6879,2.89568592206,Slow traffic on I-90 from US-10/Exit 330 (I-90) to Flynn Creek Rd/Exit 327 (I-90) due to roadwork.,,I-90 W,R,Livingston,Park,MT,59047,US,US/Mountain,KLVM,2020-10-27 03:53:00,30.0,15.0,61.0,25.35,10.0,WSW,31.0,0.0,Fair / Windy,False,False,False,False,False,False,False,False,False,False,False,False,False,Night,Night,Night,Night
C-1851926,2,2021-01-21 13:21:30.000000000,2021-01-22 01:56:30.000000000,39.998266,-86.00392099999998,40.000756,-86.002748,0.182902429865,Slow traffic on IN-37 from E 141st St to Mundy Dr due to roadwork.,,State Road 37 N,R,Noblesville,Hamilton,IN,46060,US,US/Eastern,KTYQ,2021-01-21 13:15:00,44.0,36.0,50.0,28.83,10.0,WSW,16.0,0.0,Fair,False,False,False,False,False,False,False,False,False,False,False,False,False,Day,Day,Day,Day
C-1851927,2,2021-12-16 14:19:30.000000000,2021-12-16 17:24:24.000000000,33.887633,-117.327895,33.888521999999995,-117.323338,0.268493631861,Stationary traffic from Wood Rd (Van Buren Blvd) to I-215 (Van Buren Blvd) due to roadwork.,19201.0,Van Buren Blvd,L,Riverside,Riverside,CA,92508,US,US/Pacific,KRIV,2021-12-16 14:58:00,53.0,53.0,47.0,28.41,10.0,WNW,5.0,0.0,Fair,False,False,False,False,False,False,False,False,False,False,False,True,False,Day,Day,Day,Day
C-1851928,2,2021-07-09 15:02:33.000000000,2021-07-09 17:05:25.000000000,27.893766,-82.505077,27.892681,-82.506405,0.110437788549,Slow traffic on FL-573 from S Himes Ave to Lighthouse Bay Apartment Homes Entrance due to roadwork.,3623.0,W Gandy Blvd,R,Tampa,Hillsborough,FL,33611-2607,US,US/Eastern,KMCF,2021-07-09 14:56:00,90.0,90.0,29.0,30.09,10.0,WSW,7.0,0.0,Mostly Cloudy,False,False,True,False,False,False,False,False,False,False,False,False,False,Day,Day,Day,Day
C-1851929,2,2021-07-29 10:08:09.000000000,2021-07-29 10:30:12.000000000,40.811516,-73.894462,40.812946,-73.89786600000002,0.2035901678,Slow traffic from Randall Ave/Truxton St (Leggett Ave) to Bruckner Blvd (Leggett Ave) due to roadwork.,1166.0,Leggett Ave,R,Bronx,Bronx,NY,10474-6232,US,US/Eastern,KLGA,2021-07-29 09:51:00,77.0,77.0,66.0,29.98,10.0,S,14.0,0.0,Cloudy,False,False,True,False,False,False,False,False,False,True,False,True,False,Day,Day,Day,Day
C-1851930,2,2019-07-11 04:08:14.000000000,2019-07-11 05:39:34.000000000,40.770889,-73.86910999999998,,,0.360000014305,Exit ramp from Grand Central Pkwy Eastbound at Exits 5 6 7 to 94th St lane closed due to construction work.,,Grand Central Pkwy W,R,Flushing,Queens,NY,11371,US,US/Eastern,KLGA,2019-07-11 03:51:00,78.0,78.0,60.0,29.94,10.0,SSW,9.0,0.0,Mostly Cloudy,False,False,False,False,False,False,False,False,False,False,False,False,False,Night,Night,Night,Day
C-1851931,2,2021-03-08 10:58:30.000000000,2021-03-08 16:22:00.000000000,37.607664,-97.325519,37.605107,-97.324443,0.186230629317,Slow traffic on I-135 S from 47th St/Exit 1 (I-135) to I-35 (I-135) due to roadwork.,,I-135 S,R,Wichita,Sedgwick,KS,67216,US,US/Central,KIAB,2021-03-08 10:56:00,61.0,61.0,34.0,28.81,10.0,SSW,20.0,0.0,Fair,False,False,False,False,False,False,False,False,False,False,False,False,False,Day,Day,Day,Day
C-1851932,2,2021-05-03 06:08:00.000000000,2021-05-03 15:25:30.000000000,33.392882,-111.935906,33.392216999999995,-111.939567,0.216134039841,Slow traffic from S College Ave to E Pebble Beach Dr due to roadwork.,238.0,E Southern Ave,R,Tempe,Maricopa,AZ,85282-5137,US,US/Mountain,KPHX,2021-05-03 05:51:00,68.0,68.0,28.0,28.46,10.0,E,7.0,0.0,Fair,False,False,False,False,False,False,False,False,False,False,False,False,False,Day,Day,Day,Day
C-1851933,2,2020-04-01 16:08:33.000000000,2020-04-05 16:07:43.000000000,42.091,-72.62601,42.08957,-72.62715,0.114798786412,Between Union St and RT-75/Suffield St - Construction work. Roadway reduced to 1 lane.,,Memorial Ave,R,West Springfield,Hampden,MA,01089,US,US/Eastern,KBAF,2020-04-01 15:53:00,53.0,53.0,35.0,29.43,10.0,ENE,18.0,0.0,Fair,False,False,False,False,False,False,False,False,False,False,False,False,False,Day,Day,Day,Day
C-1851934,2,2019-08-09 22:12:09.000000000,2019-08-12 06:00:00.000000000,39.876159,-86.04744000000002,39.82847,-86.03378000000002,3.37372133348,Between I-69/IN-37/Exit 37 and US-36/IN-67/Exit 42 - Roadwork. Roadway reduced to 1 lane. Traffic problem.,,I-465 S,R,Indianapolis,Marion,IN,46220,US,US/Eastern,KEYE,2019-08-09 21:53:00,74.0,,57.0,29.09,10.0,,,0.0,Fair,False,False,False,False,False,False,False,False,False,False,False,False,False,Night,Night,Night,Day
C-1851935,2,2018-09-05 06:55:55.000000000,2018-09-10 06:54:46.000000000,33.82062,-117.52345,33.822140999999995,-117.514366,0.531917381324,Between Bedford Canyon Rd and Grand Oaks Ave - Roadwork.,,Eagle Glen Pkwy,R,Corona,Riverside,CA,92883,US,US/Pacific,KAJO,2018-09-05 06:56:00,64.9,,90.0,,5.0,Calm,,,Overcast,False,False,False,False,False,False,False,False,False,False,False,False,False,Day,Day,Day,Day
C-1851936,3,2017-12-27 10:00:00.000000000,2017-12-27 11:00:00.000000000,40.836227,-73.8246,,,0.0,One lane closed due to construction work on I-95 Bruckner Expy Southbound at Crosby Avenue.,,Bruckner Expy N,R,Bronx,Bronx,NY,10465,US,US/Eastern,KLGA,2017-12-27 09:51:00,19.9,9.3,50.0,30.53,10.0,NNW,9.2,,Mostly Cloudy,False,False,False,False,False,False,False,False,False,False,False,False,False,Day,Day,Day,Day
C-1851937,2,2020-10-09 10:00:00.000000000,2020-10-09 15:00:00.000000000,40.720169,-73.78112,,,1.5,Right lane closed due to construction work on Grand Central Pkwy Westbound from I-295 to Midland Pkwy.,,Grand Central Pkwy E,R,Jamaica,Queens,NY,11432,US,US/Eastern,KJFK,2020-10-09 09:51:00,60.0,60.0,47.0,30.23,10.0,CALM,0.0,0.0,Partly Cloudy,False,False,False,False,True,False,False,False,False,False,False,False,False,Day,Day,Day,Day
C-1851938,2,2021-06-04 17:21:37.000000000,2021-06-04 17:53:12.000000000,42.681195,-84.243938,42.68289,-84.219538,1.24485679189,Slow traffic on M-43 - M-52 from Chula Vista Dr to Browell Park Access Rd due to roadwork.,3115.0,E Grand River Rd,L,Williamston,Ingham,MI,48895-9161,US,US/Eastern,KTEW,2021-06-04 17:15:00,86.0,86.0,27.0,28.91,10.0,W,15.0,0.0,Partly Cloudy,False,False,False,False,False,False,False,False,False,False,False,False,False,Day,Day,Day,Day
C-1851939,2,2021-08-18 15:37:03.000000000,2021-08-18 17:40:11.000000000,33.397104,-112.064637,33.391559,-112.064671,0.383128031721,Slow traffic from E Broadway Rd (S 7th St) to E Baseline Rd (S 7th St) due to roadwork.,5399.0,S 7th St,L,Phoenix,Maricopa,AZ,85040,US,US/Mountain,KPHX,2021-08-18 15:39:00,87.0,87.0,53.0,28.6,10.0,NNW,22.0,0.0,Thunder / Windy,True,False,False,False,False,False,False,False,True,False,False,False,False,Day,Day,Day,Day
C-1851940,2,2021-04-23 09:00:00.000000000,2021-04-24 10:35:31.000000000,40.435556,-79.967905,40.436126,-79.97580500000002,0.417317679728,Construction on I-376 WB near I-579 Construction. Shoulder closed.,,I-376 W,R,Pittsburgh,Allegheny,PA,15213,US,US/Eastern,KAGC,2021-04-23 08:53:00,43.0,38.0,53.0,28.78,10.0,SW,8.0,0.0,Fair,False,False,False,False,False,False,False,False,False,False,False,False,False,Day,Day,Day,Day
C-1851941,2,2021-03-29 06:05:00.000000000,2021-03-29 19:07:19.000000000,33.407429,-111.913252,33.408266999999995,-111.9091,0.246376208852,Slow traffic from S Elm St to Southern Pacific Railroad due to roadwork.,2034.0,S Elm St,R,Tempe,Maricopa,AZ,85282-2664,US,US/Mountain,KPHX,2021-03-29 05:51:00,60.0,60.0,26.0,28.73,10.0,E,7.0,0.0,Fair,False,False,False,False,False,False,False,False,True,False,False,False,False,Night,Day,Day,Day
C-1851942,2,2021-02-14 08:33:00.000000000,2021-02-14 22:32:45.000000000,39.696616,-104.898315,39.696529,-104.896598,0.0914787304834,Stationary traffic on CO-83 from S Rosemary Way to S Trenton St due to roadwork.,1112.0,S Parker Rd,L,Denver,Denver,CO,80231-2126,US,US/Mountain,KAPA,2021-02-14 08:53:00,-7.0,-7.0,68.0,24.19,2.0,N,3.0,0.0,Light Snow,False,False,True,False,False,False,False,False,False,False,False,False,False,Day,Day,Day,Day
C-1851943,2,2021-12-03 14:45:00.000000000,2021-12-03 19:01:00.000000000,39.958027,-75.140732,40.019472,-75.04502099999998,6.61022756995,Slow traffic on The Officers O'Hanlon and Lorenzo Memorial Hwy - I-95 N from Columbus Blvd/Exit 20 (Philadelphia) (East) (I-95) to Cottman Ave/Exit 30 (I-95) due to roadwork.,,I-95 N,R,Philadelphia,Philadelphia,PA,19123,US,US/Eastern,KPHL,2021-12-03 14:54:00,51.0,51.0,41.0,29.99,10.0,W,16.0,0.0,Mostly Cloudy,False,False,False,False,False,False,False,False,False,False,False,False,False,Day,Day,Day,Day
C-1851944,2,2021-12-06 15:56:27.000000000,2021-12-06 18:19:04.000000000,30.351669,-81.60077,30.350955,-81.60271,0.125750796897,Slow traffic on FL-109 from Yellow Pine Dr to Jax University Road 1 due to roadwork.,5712.0,Merrill Rd,R,Jacksonville,Duval,FL,32277-3308,US,US/Eastern,KCRG,2021-12-06 15:53:00,81.0,81.0,49.0,29.99,10.0,WSW,10.0,0.0,Fair,False,False,False,False,False,False,False,False,False,False,False,False,False,Day,Day,Day,Day
C-1851945,4,2020-10-20 09:03:20.000000000,2020-10-28 06:59:00.000000000,29.763519,-95.367199,29.764168,-95.366798,0.0508845878836999,Closed road from Memorial Dr/Texas Ave/Prairie St (Bagby St) to Franklin St (Bagby St) due to roadwork.,529.0,Bagby St,L,Houston,Harris,TX,77002,US,US/Central,KMCJ,2020-10-20 08:53:00,77.0,77.0,84.0,29.97,9.0,E,5.0,0.0,Fair,False,False,True,False,False,False,False,False,False,False,False,True,False,Day,Day,Day,Day
C-1851946,4,2021-02-06 03:01:00.000000000,2021-02-06 20:46:00.000000000,34.213269,-118.850079,34.212067,-118.850576,0.0877710206986,Construction on CA-23 SB near AVENIDA DE LOS ARBOLES Use alternate exit ramp.,,CA-23 S,R,Thousand Oaks,Ventura,CA,91362,US,US/Pacific,KCMA,2021-02-06 02:55:00,43.0,43.0,80.0,29.91,10.0,CALM,0.0,0.0,Fair,False,False,False,False,False,False,False,False,False,False,False,False,False,Night,Night,Night,Night
C-1851947,2,2021-12-10 16:41:57.000000000,2021-12-10 16:55:57.000000000,35.781687,-83.10926500000002,35.739007,-83.025605,5.54053734785,Slow traffic on I-40 E from NC--TN State Border (I-40) to Harmon Den Rd/Exit 7 (I-40) due to roadwork.,,I-40 W,R,Hartford,Cocke,TN,37753,US,US/Eastern,KAVL,2021-12-10 16:54:00,57.0,57.0,87.0,27.79,10.0,S,9.0,0.0,Partly Cloudy,False,False,False,False,True,False,False,False,False,False,False,False,False,Day,Day,Day,Day
C-1851948,2,2020-09-23 04:43:00.000000000,2020-09-24 05:40:53.000000000,40.299331,-79.559949,40.28645,-79.54835899999998,1.0794291522,Roadwork on US 30 eastbound between Exit: PA 136 - WEST NEWTON and Exit: US 119 TO I-70 - CONNELLSVILLE/BLAIRSVILLE. There is a lane restriction.,,Lincoln Hwy E,R,Greensburg,Westmoreland,PA,15601,US,US/Eastern,KLBE,2020-09-23 06:00:00,46.0,44.0,,28.85,10.0,WSW,6.0,0.0,Fair,False,False,False,False,True,False,False,False,False,False,False,False,False,Night,Night,Night,Night
C-1851949,2,2017-11-18 07:01:38.000000000,2017-11-18 13:01:38.000000000,43.761112,-84.01945,43.711235,-84.012535,3.46341966208,Between Pinconning Rd/Exit 181 and Beaver Rd/Exit 168 - Roadwork.,,US-23 S,R,Linwood,Bay,MI,48634,US,US/Eastern,KMBS,2017-11-18 06:53:00,42.1,39.2,100.0,29.53,3.0,South,4.6,,Overcast,False,False,False,False,False,False,False,False,False,False,False,False,False,Night,Night,Day,Day
C-1851950,2,2021-06-21 19:00:00.000000000,2021-06-22 07:45:00.000000000,35.551212,-78.215451,35.551539,-78.214626,0.0515873508074999,South of Kenly / Mile Marker 101.5 to 104 Heading North. There will be a lane closure on I-95 in the North Bound direction from MM 101.5 to MM 104 in the inside lane. &amp;nbsp;This lane closure will begin at 7 PM on 06/21/21 and last until 7 AM on 06/22/21. &amp;nbsp;This lane closure is due to night time paving operations on I-95 under project I-5786.,,I-95 N,R,Selma,Johnston,NC,27576,US,US/Eastern,KJNX,2021-06-21 18:55:00,88.0,88.0,58.0,29.59,10.0,SSW,12.0,0.0,Fair,False,False,False,False,False,False,False,False,False,False,False,False,False,Day,Day,Day,Day
C-1851952,2,2021-04-13 05:00:00.000000000,2021-04-13 06:00:00.000000000,40.894006,-74.272817,40.860107,-74.368578,5.52394254407,Construction on I-80 WB near COUNTY HWY-613 Construction. Left lane closed.,,I-80 W,R,Fairfield,Essex,NJ,07004,US,US/Eastern,KCDW,2021-04-13 04:53:00,44.0,44.0,85.0,29.8,10.0,CALM,0.0,0.0,Fair,False,False,False,False,False,False,False,False,False,False,False,False,False,Night,Night,Night,Day
C-1851953,2,2021-04-15 07:44:00.000000000,2021-04-15 16:55:26.000000000,37.69689,-77.474793,37.691578,-77.467972,0.523237445307,Stationary traffic on VA-623 from Old Washington Hwy/Oak Lawn Ln (Cedar Ln/VA-623) to US-1 (Cedar Ln/VA-623) due to roadwork.,11032.0,Cedar Ln,L,Glen Allen,Hanover,VA,23059-1929,US,US/Eastern,KOFP,2021-04-15 07:54:00,56.0,56.0,93.0,29.59,4.0,NNW,3.0,0.0,Cloudy,False,False,False,False,False,False,False,False,False,False,False,False,False,Day,Day,Day,Day
C-1851955,2,2021-11-18 15:56:17.000000000,2021-11-18 16:17:20.000000000,29.920442,-81.325036,29.916852,-81.324699,0.248865023885,Stationary traffic on US-1 S - FL-5 from FL-5/San Marco Ave (FL-A1A/US-1) to FL-16/Picolata Rd (FL-A1A/US-1) due to roadwork.,3149.0,N Ponce de Leon Blvd,R,Saint Augustine,St. Johns,FL,32084-1642,US,US/Eastern,KSGJ,2021-11-18 15:56:00,73.0,73.0,84.0,30.17,10.0,NE,5.0,0.0,Fair,False,False,False,False,False,False,False,False,False,False,False,True,False,Day,Day,Day,Day
C-1851956,2,2021-04-15 04:06:00.000000000,2021-04-15 19:04:29.000000000,25.848081,-80.121445,25.844415,-80.121534,0.253356925992,Stationary traffic on FL-A1A from FL-A1A/Abbott Ave (FL-A1A) to FL-907/63rd St (FL-A1A) due to roadwork.,6488.0,Indian Creek Dr,L,Miami Beach,Miami-Dade,FL,33141-5803,US,US/Eastern,KOPF,2021-04-15 03:53:00,68.0,68.0,78.0,30.0,10.0,CALM,0.0,0.0,Fair,False,False,True,False,False,False,False,False,False,False,False,True,False,Night,Night,Night,Night
C-1851957,2,2021-08-14 16:32:32.000000000,2021-08-14 16:53:30.000000000,45.24413300000001,-123.128598,45.244915,-123.118491,0.494639867716,Stationary traffic on OR-99W from OR-47/Tualatin Valley Hwy (OR-99W) to Bridge St (OR-99W) due to roadwork.,,NE Mattey Ln,R,McMinnville,Yamhill,OR,97128,US,US/Pacific,KMMV,2021-08-14 16:53:00,93.0,93.0,37.0,29.83,10.0,CALM,0.0,0.0,Fair,False,False,False,False,False,False,False,False,False,False,False,False,False,Day,Day,Day,Day
C-1851958,2,2021-04-23 11:13:30.000000000,2021-11-14 14:51:12.000000000,39.763711,-86.343339,39.763001,-86.336865,0.347326375489,Slow traffic on US-36 E - US-36 W from Shiloh Park Dr to Conrail Railroad due to roadwork.,,Shiloh Park Dr,R,Avon,Hendricks,IN,46123,US,US/Eastern,KIND,2021-11-14 12:54:00,37.0,27.0,93.0,28.9,9.0,W,17.0,0.0,Cloudy,False,False,False,False,False,False,False,False,False,False,False,False,False,Day,Day,Day,Day
C-1851959,2,2020-12-31 21:07:23.000000000,2021-01-01 03:49:30.000000000,34.750764000000004,-97.251411,34.754828,-97.251216,0.281013776624,Stationary traffic on US-77 S - US-77 N from OK-19/W Grant Ave (N Ash St/US-77) to OK-145/Davis St (Oklahoma St/US-77) due to roadwork.,,US-77 N,R,Pauls Valley,Garvin,OK,73075,US,US/Central,KPVJ,2020-12-31 21:15:00,32.0,27.0,100.0,28.68,10.0,NNE,6.0,0.0,Cloudy,False,False,False,False,False,False,False,False,False,False,False,False,False,Night,Night,Night,Night
C-1851960,2,2020-12-10 14:37:00.000000000,2020-12-11 02:44:33.000000000,26.257189,-80.186278,26.259637,-80.186274,0.169140872656,Slow traffic from Coconut Creek Pkwy (46th Ave/Lyons Rd) to NW 24th St/W Copans Rd (Lyons Rd) due to roadwork.,2222.0,Lyons Rd,L,Pompano Beach,Broward,FL,33066,US,US/Eastern,KFXE,2020-12-10 14:53:00,72.0,72.0,43.0,30.11,10.0,NE,6.0,0.0,Fair,False,False,False,False,False,False,False,False,False,False,False,True,False,Day,Day,Day,Day
C-1851961,2,2020-07-14 17:40:00.000000000,2020-07-14 20:45:00.000000000,37.658561,-77.459941,37.658002,-77.455598,0.240677433758,Construction on I-295 SB near MM 45 Allow extra time.,,I-295 S,R,Glen Allen,Henrico,VA,23059,US,US/Eastern,KOFP,2020-07-14 17:54:00,90.0,90.0,40.0,29.79,10.0,E,3.0,0.0,Fair,False,False,False,False,True,False,False,False,False,False,False,False,False,Day,Day,Day,Day
C-1851962,2,2021-07-20 12:36:00.000000000,2021-07-22 06:45:00.000000000,46.162206,-95.330631,46.19496,-95.324168,2.28411048853,Construction on MN-29 NB near COUNTY HWY-63 Allow extra time.,13701.0,State Highway 29,L,Parkers Prairie,Otter Tail,MN,56361,US,US/Central,KAXN,2021-07-20 12:53:00,84.0,84.0,51.0,28.66,10.0,NNW,8.0,0.0,Mostly Cloudy,False,False,False,False,False,False,False,False,False,False,False,False,False,Day,Day,Day,Day
C-1851963,2,2021-11-23 08:22:00.000000000,2021-11-23 08:42:00.000000000,29.818177,-96.536848,29.794921,-96.53082,1.64697635694,Slow traffic on FM-109 from Zimmerscheidt Rd (FM-109) to TX-71F (FM-109) due to roadwork.,2309.0,FM 109,R,Columbus,Colorado,TX,78934-5094,US,US/Central,K3T5,2021-11-23 08:15:00,43.0,43.0,95.0,29.89,10.0,CALM,0.0,0.0,Fair,False,False,False,False,False,False,False,False,False,False,False,False,False,Day,Day,Day,Day
C-1851964,2,2021-12-30 13:44:15.000000000,2021-12-30 14:05:18.000000000,26.70035,-81.76359000000002,26.70144,-81.76015,0.225296414146,Stationary traffic on FL-80 from I-75 (FL-80) to FL-31 (FL-80) due to roadwork.,11751.0,Palm Beach Blvd,L,Fort Myers,Lee,FL,33905-5919,US,US/Eastern,KFMY,2021-12-30 13:53:00,83.0,83.0,58.0,30.04,10.0,CALM,0.0,0.0,Fair,False,False,False,False,False,False,False,False,False,False,False,True,False,Day,Day,Day,Day
C-1851965,2,2020-09-24 18:51:30.000000000,2020-09-25 09:45:23.000000000,40.988084,-73.66721700000002,40.984898,-73.68656899999998,1.03305208139,Roadwork on I-95 from Delavan Ave/Exit 2 (I-95) to Playland Pkwy/Exit 19 (I-95).,,New England Trwy S,R,Rye,Westchester,NY,10580,US,US/Eastern,KHPN,2020-09-24 18:56:00,70.0,70.0,51.0,29.52,10.0,VAR,3.0,0.0,Fair,False,False,False,False,True,False,False,False,False,False,False,False,False,Night,Day,Day,Day
C-1851966,4,2019-04-23 22:04:48.000000000,2019-04-24 03:03:15.000000000,39.98846,-104.98718999999998,39.98529,-104.98862,0.231739760512,Ramp closed to E-470 SB/Northwest Pky WB - Closed due to roadwork.,,US-87 S,R,Broomfield,Broomfield,CO,80023,US,US/Mountain,KEIK,2019-04-23 21:54:00,49.0,49.0,68.0,24.87,10.0,CALM,0.0,0.0,Fair,False,False,False,False,True,False,False,False,False,False,False,False,False,Night,Night,Night,Night
C-1851967,2,2021-09-29 07:36:30.000000000,2021-09-29 09:41:23.000000000,25.945115,-80.205365,25.942485,-80.20445500000002,0.190308216351,Slow traffic on FL-7 - FL-860 - US-441 S from NW 187th St to NE 183rd St / N Miami Ave due to roadwork.,18536.0,NW 2nd Ave,L,Miami,Miami-Dade,FL,33169,US,US/Eastern,KHWO,2021-09-29 07:53:00,75.0,75.0,87.0,29.99,10.0,NNW,5.0,0.0,Fair,False,False,False,False,False,False,False,False,True,False,False,False,False,Day,Day,Day,Day
C-1851968,2,2021-07-06 00:00:00.000000000,2021-07-29 21:27:15.000000000,31.260083,-93.005576,31.249679,-92.99615,0.909239738465,Road Maintenance Operations on LA-465 Both Directions from LA-8 to LA-28 Westbound . Lanes Alternating. Width Restriction: 12ft Starting 7/6/2021 12:00 AM,7236.0,Highway 465,L,Leesville,Vernon,LA,71446-8300,US,US/Central,KPOE,2021-07-06 00:58:00,74.0,74.0,99.0,29.6,10.0,CALM,0.0,0.0,Fair,False,False,False,False,False,False,False,False,False,False,False,False,False,Night,Night,Night,Night
C-1851969,4,2021-05-27 00:00:00.000000000,2021-06-25 00:45:00.000000000,39.627116,-104.886018,39.62754,-104.889326,0.178460755969,Construction on E CHENANGO AVE WB near S YOSEMITE ST Expect delays.,4901.0,S Xenia St,R,Denver,Denver,CO,80237,US,US/Mountain,KAPA,2021-05-27 00:53:00,56.0,56.0,47.0,24.23,10.0,ESE,9.0,0.0,Mostly Cloudy,True,False,True,False,False,False,False,False,False,True,False,False,False,Night,Night,Night,Night
C-1851970,2,2021-11-09 13:58:00.000000000,2021-11-09 16:20:14.000000000,27.105936,-82.444144,27.099813,-82.44345,0.425206965188,Stationary traffic on US-41 Bus N - US-41 Bus S from S Port Dr / Morning Star Ln to American Legion Way due to roadwork.,,Morning Star Ln,R,Venice,Sarasota,FL,34285,US,US/Eastern,KVNC,2021-11-09 13:53:00,79.0,79.0,47.0,30.1,10.0,E,15.0,0.0,Mostly Cloudy,False,False,True,False,False,False,False,False,False,False,False,True,False,Day,Day,Day,Day
C-1851971,2,2021-10-26 04:50:54.000000000,2021-12-13 02:59:54.000000000,35.733064,-82.006061,35.732355,-82.006473,0.0541637701733,Roadwork from Bartlett Rd / Amelia Dr to Lentz Rd.,2551.0,Hankins Rd,L,Marion,McDowell,NC,28752-8846,US,US/Eastern,KFQD,2021-10-26 08:15:00,50.0,50.0,76.0,28.68,10.0,N,5.0,0.0,Fair,False,False,True,False,False,False,True,False,False,False,False,False,False,Night,Night,Night,Night
C-1851972,4,2020-10-12 21:51:01.000000000,2020-10-12 23:50:25.000000000,32.76041,-97.10235,32.760290000000005,-97.10436,0.117081993729,At E Lamar Blvd - Roadwork.,602.0,Ryan Plaza Dr,L,Arlington,Tarrant,TX,76011-4002,US,US/Central,KGPM,2020-10-12 21:55:00,67.0,67.0,34.0,29.45,10.0,CALM,0.0,0.0,Fair,False,False,False,False,False,False,False,False,False,False,False,False,False,Night,Night,Night,Night
C-1851973,2,2017-06-02 19:30:00.000000000,2017-06-03 10:30:00.000000000,41.582317,-93.610069,,,0.660000026226,Intermittent lane closures due to Fireworks display on Martin Luther King Jr Pkwy Eastbound from 2nd St to 4th St.,398.0,E Martin Luther King Jr Pkwy,R,Des Moines,Polk,IA,50309,US,US/Central,KDSM,2017-06-02 19:54:00,82.9,,51.0,29.91,10.0,South,6.9,,Partly Cloudy,False,False,True,False,False,False,False,False,False,False,False,True,False,Day,Day,Day,Day
C-1851974,2,2019-06-25 06:36:46.000000000,2019-06-29 07:00:51.000000000,41.724748,-79.325975,41.675218,-79.417743,5.84150794968,Between US-6/Irvine Run Rd and PA-666/David Zeisberger Hwy - Roadwork. Open.,9653.0,Route 62,R,Tidioute,Warren,PA,16351-7533,US,US/Eastern,KFKL,2019-06-25 06:56:00,66.0,66.0,93.0,28.25,10.0,WSW,7.0,0.0,Cloudy,False,False,False,False,False,False,False,False,False,False,False,False,False,Day,Day,Day,Day
C-1851975,2,2018-08-28 03:43:56.000000000,2018-08-28 05:00:00.000000000,38.018745,-121.942017,,,4.65999984741,Shoulder closed and right lane closed due to construction on CA-4 Westbound from Railroad Ave to Bailey Rd.,,Bailey Rd,R,Pittsburg,Contra Costa,CA,94565,US,US/Pacific,KCCR,2018-08-28 03:53:00,61.0,,75.0,29.87,10.0,SW,13.8,,Overcast,False,False,False,False,True,False,False,False,False,False,False,False,False,Night,Night,Night,Night
C-1851976,2,2020-02-11 21:00:00.000000000,2020-02-12 05:00:00.000000000,40.82648,-74.32276,40.82648,-74.32276,0.0,At Eisenhower Pky/Exit 4 - Roadwork.,,I-280 W,R,Roseland,Essex,NJ,07068,US,US/Eastern,KCDW,2020-02-11 20:53:00,47.0,42.0,66.0,29.68,10.0,NW,10.0,0.0,Cloudy,False,False,False,False,False,False,False,False,False,False,False,False,False,Night,Night,Night,Night
C-1851977,2,2021-05-02 18:10:53.000000000,2021-05-02 18:42:28.000000000,41.719511,-72.770999,41.714789,-72.768126,0.358329472833,Slow traffic on CT-9 S from I-84/Exit 31-32 (CT-9) to CT-71/Exit 30 (CT-9) due to roadwork.,,CT-9 S,R,Farmington,Hartford,CT,06032,US,US/Eastern,KHFD,2021-05-02 17:53:00,67.0,67.0,54.0,29.72,10.0,N,9.0,0.0,Mostly Cloudy,False,False,False,False,True,False,False,False,False,False,False,False,False,Day,Day,Day,Day
C-1851978,2,2020-09-09 11:43:00.000000000,2020-09-10 02:26:22.000000000,27.996685,-82.582882,27.997228000000003,-82.582298,0.0517393959348,Stationary traffic on FL-580 - County Hwy-589 from S Lagoon St to Jackson Springs Rd due to roadwork.,8758.0,W Hillsborough Ave,L,Tampa,Hillsborough,FL,33615-3705,US,US/Eastern,KTPA,2020-09-09 11:53:00,87.0,87.0,63.0,29.95,10.0,SSE,6.0,0.0,Mostly Cloudy,False,False,False,False,False,False,False,False,False,False,False,False,False,Day,Day,Day,Day
C-1851979,3,2018-06-11 22:28:05.000000000,2018-06-15 06:00:00.000000000,41.58135,-81.54016,41.579339,-81.544453,0.261793925518,At 185th St/200th St/Exit 182 - Roadwork.,,OH-2 W,R,Cleveland,Cuyahoga,OH,44119,US,US/Eastern,KCGF,2018-06-11 22:45:00,66.2,,88.0,30.08,20.0,East,5.8,,Clear,False,False,False,False,False,False,False,False,False,False,False,False,False,Night,Night,Night,Day
C-1851980,2,2017-10-09 05:11:31.000000000,2017-10-09 07:00:00.000000000,40.174698,-74.67752800000002,,,0.0,Traffic shift due to construction work on US-130 Southbound at NJ-156.,,US Highway 130,R,Trenton,Mercer,NJ,08620,US,US/Eastern,KTTN,2017-10-09 05:16:00,73.0,,93.0,29.96,10.0,SSE,6.9,,Mostly Cloudy,False,False,False,False,False,False,False,False,False,False,False,False,False,Night,Night,Night,Night
C-1851981,2,2021-09-20 19:20:00.000000000,2021-09-21 20:28:49.000000000,40.548981,-80.12054499999998,40.521929,-80.13154399999998,1.95631806167,Roadwork on I-79 southbound between .6 miles south of Exit 68: MT NEBO ROAD and .9 miles north of Exit 65: PA 51 - NEVILLE ISLAND. There is a lane restriction.,,I-79 S,R,Sewickley,Allegheny,PA,15143,US,US/Eastern,KPIT,2021-09-20 18:51:00,78.0,78.0,62.0,28.86,10.0,SE,10.0,0.0,Cloudy,False,False,False,False,False,False,False,False,False,False,False,False,False,Night,Day,Day,Day
C-1851982,2,2020-06-10 04:02:12.000000000,2020-06-10 09:17:00.000000000,40.494923,-77.108086,,,0.0,Restrictions due to construction work on US-22 Westbound at PA-34.,,US-22 W,R,Newport,Perry,PA,17074,US,US/Eastern,KCXY,2020-06-10 03:56:00,74.0,74.0,82.0,29.53,9.0,SSE,3.0,0.0,Fair,False,False,False,False,False,False,False,False,False,False,False,False,False,Night,Night,Night,Day
C-1851983,2,2020-06-05 05:15:26.000000000,2020-06-05 06:00:00.000000000,28.448549,-81.230026,,,1.47000002861,Entry ramp to FL-528-Toll Southbound from Central Florida Greeneway Southbound intermittent ramp closures due to construction work.,,Central Florida Greeneway N,R,Orlando,Orange,FL,32832,US,US/Eastern,KMCO,2020-06-05 04:53:00,73.0,73.0,93.0,29.91,10.0,CALM,0.0,0.0,Cloudy,False,False,False,False,False,False,False,False,False,False,False,False,False,Night,Night,Night,Day
C-1851984,4,2020-06-14 17:52:13.000000000,2020-06-14 22:49:22.000000000,47.7005,-117.35777,47.70052,-117.36483,0.328294892576,Closed at N Haven St/N Market St - Closed due to roadwork.,3598.0,E Wellesley Ave,R,Spokane,Spokane,WA,99217-6806,US,US/Pacific,KSFF,2020-06-14 17:53:00,59.0,59.0,51.0,27.9,10.0,S,16.0,0.0,Mostly Cloudy,False,False,True,False,False,False,False,False,False,False,False,True,False,Day,Day,Day,Day
C-1851985,3,2018-06-04 23:00:00.000000000,2018-06-05 05:00:00.000000000,42.361866,-71.05632,,,0.3700000047680001,Entry ramp to Dewey Square Tunnel portion of tunnel Northbound at Exit 24B-A from I-93 Southbound closed due to maintenance work. Detour in operation - exit 20A/B.,,Callahan Tunnel,R,Boston,Suffolk,MA,02109,US,US/Eastern,KBOS,2018-06-04 22:54:00,51.1,,96.0,29.74,6.0,North,10.4,0.0,Light Rain,True,False,True,False,True,False,False,False,False,False,False,True,False,Night,Night,Night,Night
C-1851986,2,2019-05-17 22:03:48.000000000,2019-05-21 22:03:39.000000000,33.93173,-84.35378,33.92921,-84.35984,0.388597209168,Between Perimeter Ctr W and Barfield Rd - Construction work. Right lane blocked.,,Mount Vernon Hwy NE,R,Atlanta,Fulton,GA,30328,US,US/Eastern,KPDK,2019-05-17 21:53:00,73.0,73.0,73.0,28.93,10.0,WNW,3.0,0.0,Fair,False,False,False,False,False,False,False,False,False,False,False,True,False,Night,Night,Night,Day
C-1851987,2,2021-04-15 05:12:00.000000000,2021-04-15 17:42:00.000000000,39.555763,-84.30562900000002,39.561593,-84.301776,0.452090208166,Slow traffic from State Route 73 / S Main St to E 2nd St due to roadwork.,689.0,N Riley Blvd,L,Franklin,Warren,OH,45005-2774,US,US/Eastern,KMGY,2021-04-15 04:53:00,43.0,40.0,60.0,28.92,10.0,NNW,5.0,0.0,Cloudy,False,False,True,False,False,False,False,False,False,False,False,True,False,Night,Night,Night,Night
C-1851988,2,2021-11-01 14:51:30.000000000,2021-11-01 16:54:04.000000000,33.394118,-111.823022,33.393273,-111.822206,0.0749965906422,Slow traffic from E 11th Ave to S Lesueur due to roadwork.,1154.0,S Mesa Dr,L,Mesa,Maricopa,AZ,85210-8723,US,US/Mountain,KFFZ,2021-11-01 14:51:00,83.0,83.0,20.0,28.8,10.0,VAR,5.0,0.0,Mostly Cloudy,False,False,False,False,False,False,False,False,True,False,False,False,False,Day,Day,Day,Day
C-1851989,1,2020-10-31 08:00:00.000000000,2020-10-31 17:00:00.000000000,26.12351,-80.132301,,,0.0,Road closed due to water main work on 1st St both ways between 14th Ave and 11th Ave.,200.0,NE 11th Ave,R,Fort Lauderdale,Broward,FL,33301-1663,US,US/Eastern,KFLL,2020-10-31 07:53:00,78.0,78.0,96.0,30.02,10.0,E,6.0,0.04,Thunder in the Vicinity,True,False,False,False,False,False,False,False,False,False,False,False,False,Day,Day,Day,Day
C-1851990,2,2021-03-10 05:45:00.000000000,2021-12-27 12:07:00.000000000,43.603105,-116.354816,43.597556,-116.354835,0.383400563708,Stationary traffic on ID-55 from E Franklin Rd (ID-55) to I-84/US-30 (ID-55) due to roadwork.,,S Eagle Rd,R,Meridian,Ada,ID,83642,US,US/Mountain,KMAN,2021-03-10 05:55:00,21.0,21.0,100.0,27.26,10.0,SE,3.0,0.0,Fair,False,False,True,False,False,True,False,False,False,True,False,True,False,Night,Night,Night,Day
C-1851991,2,2020-12-21 14:18:30.000000000,2020-12-21 21:29:24.000000000,30.152707,-92.09207,30.150685,-92.093957,0.179521722243,Slow traffic on US-167 S from LA-3073/Ambassador Caffery Pkwy (US-167) to LA-92/Lafayette St (US-167) due to roadwork.,6722.0,Johnston St,L,Lafayette,Lafayette,LA,70503-6202,US,US/Central,KLFT,2020-12-21 13:53:00,68.0,68.0,37.0,30.12,10.0,NNW,3.0,0.0,Fair,False,False,False,False,False,False,False,False,False,False,False,False,False,Day,Day,Day,Day
C-1851992,2,2021-10-06 18:16:00.000000000,2021-10-06 20:31:47.000000000,33.551609,-112.258457,33.552271000000005,-112.254944,0.207390384781,Stationary traffic from N 95th Ave / N 93rd Ave to W Royal Palm Rd due to roadwork.,9259.0,W Northern Ave,R,Glendale,Maricopa,AZ,85305,US,US/Mountain,KGEU,2021-10-06 17:58:00,88.0,88.0,25.0,28.7,10.0,WSW,7.0,0.0,Fair,False,False,False,False,False,False,False,False,False,False,False,False,False,Night,Day,Day,Day
C-1851993,2,2021-06-28 23:34:00.000000000,2021-06-29 02:25:00.000000000,39.69862,-105.236261,39.708907,-105.283137,2.59120014727,Slow traffic on I-70 W from US-40/CO-26/Exit 259 (I-70) to S Mt Vernon Country Club Rd/Exit 254 (I-70) due to roadwork.,,I-70 W,R,Golden,Jefferson,CO,80401,US,US/Mountain,KBJC,2021-06-28 23:35:00,61.0,61.0,59.0,24.63,10.0,CALM,0.0,0.0,Partly Cloudy,False,False,False,False,False,False,False,False,False,False,False,False,False,Night,Night,Night,Night
C-1851994,4,2016-10-14 09:01:09.000000000,2016-10-14 15:01:09.000000000,40.644053,-74.141329,40.64219,-74.14211999999998,0.13523621419,Closed at New Jersey/New York State Line - Closed due to roadwork.,,Bayonne Brg N,R,Bayonne,Hudson,NJ,07002,US,US/Eastern,KEWR,2016-10-14 08:51:00,51.1,,61.0,30.35,10.0,North,11.5,,Partly Cloudy,False,False,False,False,False,False,False,False,False,False,False,False,False,Day,Day,Day,Day
C-1851995,2,2021-12-18 17:57:42.000000000,2021-12-18 20:01:25.000000000,25.685061,-80.427529,25.684952,-80.430929,0.2118394411609999,Slow traffic on FL-94 from 137th Ave (N Kendall Dr) to FL-997/Krome Ave (N Kendall Dr) due to roadwork.,,SW 88th St,R,Miami,Miami-Dade,FL,33186,US,US/Eastern,KTMB,2021-12-18 17:53:00,79.0,79.0,77.0,30.04,10.0,ESE,7.0,0.0,Fair,False,False,False,False,False,False,False,False,False,False,False,False,False,Night,Day,Day,Day
C-1851996,2,2020-04-30 09:36:35.000000000,2020-05-01 09:36:35.000000000,40.81147,-74.10231,40.82103,-74.1205,1.15802405742,Between Service Rd and CR-507/Riverside Ave - Construction work. Left lane blocked.,,NJ-3 E,R,Rutherford,Bergen,NJ,07070,US,US/Eastern,KTEB,2020-04-30 09:51:00,55.0,55.0,93.0,30.04,1.0,SSE,12.0,0.12,Rain,False,False,False,False,True,False,False,False,False,False,False,False,False,Day,Day,Day,Day
C-1851997,2,2021-08-14 00:24:30.000000000,2021-08-14 01:36:30.000000000,33.448244,-112.07125,33.448271000000005,-112.076272,0.289526512269,Slow traffic from 3rd St (E Washington St) to 7th Ave (W Washington St) due to roadwork.,2.0,S 2nd St,R,Phoenix,Maricopa,AZ,85004,US,US/Mountain,KPHX,2021-08-14 00:51:00,75.0,75.0,82.0,28.87,5.0,NNE,5.0,0.03,Heavy T-Storm,True,False,True,False,False,False,True,False,True,False,False,True,False,Night,Night,Night,Night
C-1851998,2,2021-12-27 13:00:00.000000000,2021-12-27 13:25:00.000000000,39.852615,-120.041695,39.786855,-120.038635,4.54648423569,Slow traffic on US-395 N - US-395 S from Red Rock Rd (US-395) to CA-70 (US-395) due to roadwork.,,US Highway 395,R,Doyle,Lassen,CA,96109,US,US/Pacific,KRTS,2021-12-27 12:55:00,28.0,17.0,74.0,24.58,9.0,WNW,16.0,0.0,N/A Precipitation,False,False,False,False,False,False,False,False,False,False,False,False,False,Day,Day,Day,Day
C-1851999,2,2021-12-20 11:01:00.000000000,2021-12-20 13:39:00.000000000,47.821024,-122.298259,47.820915,-122.291804,0.2995597988039999,Slow traffic on WA-524 from WA-99 (196th St/WA-524) to I-5/Poplar Way/36th Ave (196th St/WA-524) due to roadwork.,4806.0,196th St SW,R,Lynnwood,Snohomish,WA,98036-6403,US,US/Pacific,KPAE,2021-12-20 10:53:00,34.0,29.0,79.0,29.41,10.0,N,6.0,0.0,Mostly Cloudy,False,False,True,False,False,False,False,False,True,False,False,True,False,Day,Day,Day,Day
C-1852000,3,2021-04-14 06:00:00.000000000,2021-04-16 23:59:00.000000000,40.854172,-115.744659,,,1.63999998569,Entry ramp to I-80 Eastbound from I-80-BL both ways intermittent ramp closures due to construction.,,I-80 E,R,Elko,Elko,NV,89801,US,US/Pacific,KEKO,2021-04-14 05:56:00,33.0,25.0,89.0,24.65,1.0,NNE,9.0,0.02,Light Snow,False,False,False,False,False,False,False,False,False,False,False,False,False,Night,Day,Day,Day
C-1852001,2,2021-08-24 18:59:30.000000000,2021-08-24 19:31:00.000000000,33.632028000000005,-112.031888,33.63187,-112.030769,0.0652929756475,Slow traffic from N 20th St to N Cave Creek Rd due to roadwork.,2357.0,E Greenway Pkwy,L,Phoenix,Maricopa,AZ,85022,US,US/Mountain,KDVT,2021-08-24 18:53:00,100.0,100.0,20.0,28.2,10.0,CALM,0.0,0.0,Fair,False,False,True,False,False,False,False,False,False,False,False,True,False,Day,Day,Day,Day
C-1852002,4,2020-05-11 07:53:38.000000000,2020-05-11 09:53:07.000000000,30.32765,-81.58046,30.32744000000001,-81.59795,1.04317277392,Between Townsend Blvd and Service Rd - Roadwork.,,Arlington Expy W,R,Jacksonville,Duval,FL,32211,US,US/Eastern,KCRG,2020-05-11 07:53:00,63.0,63.0,100.0,30.08,7.0,CALM,0.0,0.0,Fair,False,False,False,False,True,False,False,False,False,False,False,False,False,Day,Day,Day,Day
C-1852003,2,2021-07-12 15:16:30.000000000,2021-07-12 17:18:57.000000000,41.852379,-87.66466700000002,41.851513,-87.666078,0.0940936059902,Slow traffic from S Laflin St to I-55 S due to roadwork.,1555.0,W Cermak Rd,L,Chicago,Cook,IL,60608,US,US/Central,KMDW,2021-07-12 14:53:00,74.0,74.0,73.0,29.35,9.0,ENE,9.0,0.0,Cloudy,False,False,False,False,False,False,False,False,False,False,False,False,False,Day,Day,Day,Day
C-1852004,2,2020-10-20 12:43:00.000000000,2020-10-21 02:57:21.000000000,30.479595,-91.114867,30.479762,-91.117583,0.162136240397,Slow traffic on US-190 W - US-61 N from Greenwell Springs Rd to Victoria Dr due to roadwork.,,Airline Hwy,R,Baton Rouge,East Baton Rouge,LA,70805,US,US/Central,KBTR,2020-10-20 12:53:00,85.0,85.0,53.0,29.99,10.0,ESE,10.0,0.0,Fair,False,False,False,False,False,False,False,False,False,False,False,True,False,Day,Day,Day,Day
C-1852005,2,2021-02-10 13:26:11.000000000,2021-02-10 23:51:27.000000000,36.493012,-96.050951,36.492905,-96.050734,0.0141401636448,Roadwork on Old OK-11 (OK-11) from E 176th St N (N Cincinnati Ave/OK-11) to OK-11.,5159.0,State Highway 11,R,Skiatook,Osage,OK,74070,US,US/Central,KTUL,2021-02-10 13:53:00,21.0,9.0,92.0,29.5,4.0,NNW,13.0,0.0,Wintry Mix,False,False,False,False,False,False,False,False,False,False,False,False,False,Day,Day,Day,Day
C-1852006,2,2016-11-04 09:02:14.000000000,2016-11-04 15:02:14.000000000,25.88122000000001,-80.29119,25.896766,-80.29181,1.07481744796,Between Gratigny Rd/65th St and SR-924/Gratigny Pky - Construction work.,378.0,W 65th St,R,Hialeah,Miami-Dade,FL,33012-6711,US,US/Eastern,KOPF,2016-11-04 08:53:00,73.0,,81.0,30.08,10.0,NE,6.9,,Overcast,False,False,False,False,False,False,False,False,False,False,False,True,False,Day,Day,Day,Day
C-1852007,2,2021-12-11 18:36:00.000000000,2021-12-11 19:03:37.000000000,32.762467,-97.062967,32.767156,-97.062615,0.324623907467,Stationary traffic from E Lamar Blvd (Watson Rd/TX-360) to Avenue J (Watson Rd/TX-360) due to roadwork.,1036.0,N Watson Rd,R,Arlington,Tarrant,TX,76011-3105,US,US/Central,KGPM,2021-12-11 18:35:00,45.0,45.0,39.0,29.65,10.0,CALM,0.0,0.0,Fair,False,False,False,False,False,False,False,False,False,False,False,True,False,Night,Night,Night,Day
C-1852008,2,2021-11-24 16:32:30.000000000,2021-11-24 18:34:02.000000000,33.887212,-117.330375,33.888609,-117.322902,0.439359071605,Slow traffic from Wood Rd (Van Buren Blvd) to I-215 (Van Buren Blvd) due to roadwork.,19055.0,Van Buren Blvd,L,Riverside,Riverside,CA,92508-9152,US,US/Pacific,KRIV,2021-11-24 16:58:00,65.0,65.0,7.0,28.46,10.0,N,16.0,0.0,Fair,False,False,False,False,False,False,False,False,False,False,False,False,False,Day,Day,Day,Day
C-1852009,2,2021-08-04 17:07:14.000000000,2021-08-04 19:12:28.000000000,28.034279,-80.62176099999998,28.03526,-80.622862,0.0954084433193999,Slow traffic on FL-507 - FL-516 - County Hwy-507 from Darius Dr NE to Riviera Dr NE due to roadwork.,4703.0,Babcock St NE,L,Palm Bay,Brevard,FL,32905-2828,US,US/Eastern,KMLB,2021-08-04 16:53:00,81.0,81.0,74.0,29.96,10.0,SSW,13.0,0.0,Mostly Cloudy,False,False,False,False,False,False,False,False,False,False,False,False,False,Day,Day,Day,Day
C-1852010,2,2021-06-28 06:48:57.000000000,2021-06-30 02:56:16.000000000,33.987979,-80.972311,33.989519,-80.973991,0.143474255911,Roadwork on I-77/Veterans Rd (US-378) from US-76/SC-760/SC-16 (US-378) to US-76 W - US-378 W.,4899.0,Garners Ferry Rd,L,Columbia,Richland,SC,29209-1004,US,US/Eastern,KCUB,2021-06-28 06:53:00,73.0,73.0,87.0,30.04,10.0,CALM,0.0,0.0,,False,False,False,False,False,False,False,False,False,False,False,False,False,Day,Day,Day,Day
C-1852011,2,2020-09-04 17:06:00.000000000,2020-09-05 00:57:00.000000000,45.127962,-93.485687,45.156378,-93.510479,2.30534574723,Queuing traffic on I-94 from CR-109/Weaver Lake Rd/Exit 215 (I-94) to MN-101/Exit 207 (I-94) due to construction work.,,US-52 W,R,Osseo,Hennepin,MN,55369,US,US/Central,KMIC,2020-09-04 16:53:00,74.0,74.0,35.0,29.13,10.0,W,8.0,0.0,Mostly Cloudy,False,False,False,False,False,False,False,False,False,False,False,False,False,Day,Day,Day,Day
C-1852012,2,2021-02-02 16:15:00.000000000,2021-02-03 02:46:00.000000000,39.141797,-121.639169,39.141745,-121.64392,0.254621545286,Lane closure due to Emergency Work between Civic Center Blvd and Stabler Ln - Lt / Walton Ave - Rt,1435.0,Colusa Hwy,L,Yuba City,Sutter,CA,95993-9092,US,US/Pacific,KMYV,2021-02-02 15:53:00,58.0,58.0,70.0,30.02,10.0,SSE,16.0,0.0,Fair,False,False,True,False,False,False,False,False,False,False,False,True,False,Day,Day,Day,Day
C-1852013,4,2021-11-16 09:04:05.000000000,2021-11-23 23:59:00.000000000,33.505083,-112.08353,33.505769,-112.084454,0.0712770877552,Closed road from Phoenix to W Highland Ave due to roadwork.,715.0,W Coolidge St,L,Phoenix,Maricopa,AZ,85013-2636,US,US/Mountain,KPHX,2021-11-16 08:51:00,64.0,64.0,26.0,28.81,10.0,ESE,8.0,0.0,Mostly Cloudy,False,False,False,False,False,False,False,False,False,False,False,False,False,Day,Day,Day,Day
C-1852014,2,2018-03-07 18:12:58.000000000,2018-03-08 00:12:58.000000000,41.78027,-93.867926,41.782889,-93.871448,0.25626788722,At CR-F31/190th St - Roadwork.,17783.0,141 Diagonal,L,Granger,Dallas,IA,50109,US,US/Central,KIKV,2018-03-07 18:15:00,28.4,17.0,80.0,30.14,8.0,NW,15.0,,Overcast,False,False,False,False,False,False,False,False,False,False,False,False,False,Night,Day,Day,Day
C-1852015,2,2021-05-19 14:59:30.000000000,2021-05-19 17:48:00.000000000,41.964994,-111.399596,41.962088,-111.400385,0.204836365861,Stationary traffic on US-89 N - US-89 S from UT--ID State Border (N Bear Lake Blvd/US-89) to UT-30/S Bear Lake Blvd (Center St/Logan Rd/US-89) due to roadwork.,984.0,N Bear Lake Blvd,L,Garden City,Rich,UT,84028,US,US/Mountain,KLGU,2021-05-19 14:51:00,81.0,81.0,21.0,25.22,10.0,SSW,10.0,0.0,Fair,False,False,False,False,False,False,False,False,False,False,False,False,False,Day,Day,Day,Day
C-1852016,2,2021-12-05 11:15:30.000000000,2021-12-05 13:18:45.000000000,25.925515,-80.171996,25.926297,-80.170043,0.132843526084,Stationary traffic on FL-826 from NE 14th Ave to NE 164th St due to roadwork.,1400.0,NE 163rd St,R,North Miami Beach,Miami-Dade,FL,33162-4625,US,US/Eastern,KHWO,2021-12-05 10:53:00,79.0,79.0,64.0,30.14,10.0,SE,3.0,0.0,Partly Cloudy,False,False,True,False,False,False,False,False,False,False,False,False,False,Day,Day,Day,Day
C-1852017,2,2021-03-19 20:20:30.000000000,2021-03-19 20:53:00.000000000,41.181266,-81.47810799999998,41.165686,-81.475219,1.0869106827,Slow traffic on 2nd Lt. David E. Rylander Memorial Highway - OH-8 S from Seasons Rd (OH-8) to Graham Rd (OH-8) due to roadwork.,,E Steels Corners Rd,R,Stow,Summit,OH,44224,US,US/Eastern,KAKR,2021-03-19 19:54:00,39.0,34.0,33.0,29.28,10.0,NNE,7.0,0.0,Fair,False,False,False,False,True,False,False,False,False,False,False,False,False,Night,Night,Day,Day
C-1852018,2,2021-08-16 13:23:03.000000000,2021-08-16 13:53:35.000000000,40.721608,-73.99946,40.724058,-74.00439,0.3087060685759999,Slow traffic from Lafayette St (Broome St) to 6th Ave/Avenue of the Americas (Broome St) due to roadwork.,438.0,Broome St,R,New York,New York,NY,10013-2623,US,US/Eastern,KJRB,2021-08-16 13:51:00,80.0,80.0,52.0,30.11,10.0,CALM,0.0,0.0,Mostly Cloudy,True,False,True,False,False,False,False,False,False,False,False,True,False,Day,Day,Day,Day
C-1852019,2,2021-07-19 17:06:00.000000000,2021-10-27 18:49:59.000000000,39.379285,-100.571676,39.379311,-100.564387,0.3892851975379999,Stationary traffic on US-24 E - US-24 W from KS-188 (US-24) to KS-23/Main St (Oak Ave/US-24) due to roadwork.,,N Road 70 W,R,Hoxie,Sheridan,KS,67740,US,US/Central,KHLC,2021-07-19 16:53:00,85.0,85.0,49.0,27.84,10.0,ESE,7.0,0.0,Mostly Cloudy,False,False,False,False,False,False,False,False,False,False,False,False,False,Day,Day,Day,Day
C-1852020,2,2019-07-15 00:01:00.000000000,2019-09-30 23:59:00.000000000,35.36539099999999,-97.521111,,,0.0,Lane closed due to construction on Walker St Northbound between 104th St and 103rd St.,10535.0,S Walker Ave,R,Oklahoma City,Cleveland,OK,73139,US,US/Central,KOKC,2019-07-15 00:52:00,72.0,72.0,87.0,28.61,10.0,CALM,0.0,0.0,Fair,False,False,False,False,False,False,False,False,False,True,False,False,False,Night,Night,Night,Night
C-1852021,2,2021-09-28 16:21:10.000000000,2021-09-28 18:28:38.000000000,26.274147,-80.09752900000002,26.275542,-80.09812099999998,0.103127822365,Slow traffic on US-1 N - FL-834 - FL-5 from NE 33rd St to NE 18th Ter due to roadwork.,3500.0,N Federal Hwy,L,Lighthouse Point,Broward,FL,33064-6608,US,US/Eastern,KPMP,2021-09-28 15:53:00,86.0,86.0,44.0,29.93,10.0,ENE,13.0,0.0,Fair,False,False,False,False,False,False,False,False,False,False,False,False,False,Day,Day,Day,Day
C-1852022,3,2018-06-18 19:00:00.000000000,2018-06-19 07:00:00.000000000,43.103992,-76.185936,,,8.22999954224,Right lane closed due to bridge maintenance work on I-90 Westbound between Exit 35 NY-298 Carrier Pkwy and Exit 37 County Hwy-148 Electronics Pkwy.,,I-90 E,R,Liverpool,Onondaga,NY,13088,US,US/Eastern,KSYR,2018-06-18 18:54:00,79.0,,90.0,29.73,10.0,WSW,13.8,,Mostly Cloudy,False,False,False,False,False,False,False,False,False,False,False,False,False,Day,Day,Day,Day
C-1852023,2,2021-09-23 07:24:00.000000000,2021-09-23 07:44:00.000000000,34.216175,-96.977107,34.213726,-96.977103,0.169209938816,Stationary traffic on US-177 S - US-177 N from OK-53 (US-177) to OK-199/Dickson Rd/Sam Noble Pkwy (US-177) due to roadwork.,1220.0,Ponderosa Rd,R,Ardmore,Carter,OK,73401-8596,US,US/Central,K1F0,2021-09-23 07:15:00,48.0,48.0,90.0,29.25,10.0,CALM,0.0,0.0,Fair,False,False,False,False,False,False,False,False,False,False,False,False,False,Day,Day,Day,Day
C-1852024,2,2021-02-03 15:34:04.000000000,2021-02-04 02:03:30.000000000,42.155326,-87.954657,42.152389,-87.956357,0.220821233115,Stationary traffic on County Hwy-W17 - County Hwy-73 from Deerfield Pkwy (Weiland Rd) to IL-83/McHenry Rd (Weiland Rd) due to roadwork.,188.0,N Weiland Rd,L,Buffalo Grove,Lake,IL,60089-7047,US,US/Central,KPWK,2021-02-03 15:52:00,36.0,31.0,50.0,29.35,10.0,SSW,6.0,0.0,Fair,False,False,False,False,False,False,False,False,False,False,False,False,False,Day,Day,Day,Day
C-1852025,2,2020-02-18 21:01:00.000000000,2020-02-19 05:01:00.000000000,33.826570000000004,-118.20752,33.825590000000005,-118.22786,1.16943840532,Between Long Beach Freeway Route 710 and Alameda St - Construction work. Lane closed.,,I-405 N,R,Long Beach,Los Angeles,CA,90810,US,US/Pacific,KLGB,2020-02-18 20:53:00,58.0,58.0,84.0,29.95,9.0,W,3.0,0.0,Mostly Cloudy,False,False,False,False,True,False,False,False,False,False,False,False,False,Night,Night,Night,Night
C-1852026,2,2020-06-16 09:03:20.000000000,2020-06-20 09:02:52.000000000,39.60826,-75.71300000000002,39.63097,-75.66305,3.08698743359,Between Wrangle Hill Rd and SR-7/Bear Christiana Rd - Construction work.,1972.0,Pulaski Hwy,R,Bear,New Castle,DE,19701-1709,US,US/Eastern,KILG,2020-06-16 08:51:00,65.0,65.0,61.0,30.29,10.0,NE,12.0,0.0,Fair,False,False,False,False,False,True,False,False,False,False,False,False,False,Day,Day,Day,Day
C-1852027,2,2021-10-21 08:36:06.000000000,2021-10-22 09:21:46.000000000,39.099481,-76.90358,39.098797,-76.899517,0.2229265809059999,Construction on MD-198 EB near BAUER LN Expect delays.,6049.0,Sandy Spring Rd,R,Laurel,Prince George's,MD,20707-2903,US,US/Eastern,KFME,2021-10-21 08:35:00,45.0,45.0,100.0,29.95,10.0,CALM,0.0,,Fair,False,False,False,False,False,False,False,False,False,False,False,True,False,Day,Day,Day,Day
C-1852028,2,2021-12-17 16:02:30.000000000,2021-12-19 16:49:54.000000000,44.145952,-122.366849,44.123372,-122.386429,1.8375912136,Roadwork on Blue River Dr (OR-126) from NFD-2611 (OR-126) to OR-126.,50961.0,McKenzie Hwy,L,Vida,Lane,OR,97488-9605,US,US/Pacific,KEUG,2021-12-17 15:54:00,46.0,46.0,76.0,29.87,10.0,CALM,0.0,0.0,Mostly Cloudy,False,False,False,False,False,False,False,False,False,False,False,False,False,Day,Day,Day,Day
C-1852029,2,2020-10-21 05:23:33.000000000,2020-10-21 11:29:26.000000000,40.792633,-73.92403,40.798003,-73.91955,0.4388367514549999,Construction construction on I-278 eastbound ramp from RFK Bridge; Bronx Leg (New York) left lane closed until 5:00 A.M.,,Robert F Kennedy Brg E,R,New York,New York,NY,10035,US,US/Eastern,KNYC,2020-10-21 05:22:00,60.0,60.0,100.0,30.17,3.0,CALM,0.0,0.0,Cloudy,False,False,False,False,False,False,False,False,False,False,False,False,False,Night,Night,Night,Night
C-1852030,4,2020-11-12 02:30:00.000000000,2020-11-12 14:30:00.000000000,36.808161,-119.877566,36.80755900000001,-119.876834,0.0580503218149,Closed road from N Carnegie Ave (N Golden State Blvd) to CA-99 (South) (N Golden State Blvd) due to roadwork.,,W Shaw Ave,R,Fresno,Fresno,CA,93722,US,US/Pacific,KFAT,2020-11-12 02:53:00,46.0,46.0,68.0,29.71,7.0,CALM,0.0,0.0,Mostly Cloudy,False,False,True,False,False,False,False,False,False,False,False,True,False,Night,Night,Night,Night
C-1852031,2,2020-10-22 14:26:30.000000000,2020-10-23 02:12:48.000000000,33.305332,-111.961669,33.305331,-111.963925,0.130273321724,Stationary traffic from Kyrene Rd (W Chandler Blvd) to I-10 (W Chandler Blvd) due to roadwork.,6948.0,W Chandler Blvd,R,Chandler,Maricopa,AZ,85226-3327,US,US/Mountain,KCHD,2020-10-22 14:47:00,91.0,91.0,17.0,28.47,10.0,W,6.0,,Fair,False,False,False,False,False,False,False,False,True,False,False,False,False,Day,Day,Day,Day
C-1852032,2,2021-12-18 15:21:00.000000000,2021-12-18 16:54:30.000000000,47.407411,-115.496413,47.394498,-115.446064,2.51802788807,Slow traffic on I-90 E from Exit 10 (I-90) to Haugan Deborgia/Exit 16 (I-90) due to roadwork.,,I-90 E,R,Saltese,Mineral,MT,59867,US,US/Pacific,KMLP,2021-12-18 15:34:00,24.0,,88.0,23.93,0.0,,,0.05,Snow,False,False,False,False,False,False,False,False,False,False,False,False,False,Day,Day,Day,Day
C-1852033,2,2020-12-17 13:31:30.000000000,2020-12-18 02:42:12.000000000,26.68287,-80.247087,26.681544,-80.245138,0.15123306693,Slow traffic on FL-80 - FL-700 - US-98 E - FL-882 - US-441 S from Folsom Rd to Cypress Head Ave due to roadwork.,15.0,Crestwood Blvd N,L,Loxahatchee,Palm Beach,FL,33470,US,US/Eastern,KPBI,2020-12-17 13:53:00,78.0,78.0,71.0,29.99,10.0,W,13.0,0.0,Partly Cloudy,False,False,False,False,False,False,False,False,False,False,False,False,False,Day,Day,Day,Day
C-1852034,2,2020-07-15 08:46:43.000000000,2020-07-23 02:15:28.000000000,45.571334,-122.297556,45.572117,-122.320696,1.12050731328,Construction on SR 14 both directions at milepost 18 near Gibbons Creek. The crew will be alternating traffic through the work zone beginning at 10:24 am on July 22 2020 until further notice.,36849.0,SE Evergreen Blvd,L,Washougal,Clark,WA,98671-9769,US,US/Pacific,KTTD,2020-07-15 08:53:00,66.0,66.0,63.0,30.08,10.0,CALM,0.0,0.0,Fair,False,False,False,False,False,False,False,False,False,False,False,False,False,Day,Day,Day,Day
C-1852035,2,2021-05-31 08:00:00.000000000,2021-06-11 17:00:00.000000000,33.592289,-111.83903,33.591945,-111.83851,0.0382182430031,E ALTADENA AV / N FRANK LLOYD WRIGHT BL - Construction - WB Altadena Ave thru traffic shifted to opposite lane at Frank Lloyd Wright Blvd; EB Altadena Ave thru traffic shifted to two-way center lane west of Frank Lloyd Wright Blvd; SB Frank Lloyd Wright Blvd curb and median lane restricted at Altadena Ave; WB Altadena Ave thru traffic shifted to opposite left turn lane at Frank Lloyd Wright Blvd;NB Frank Lloyd Wright Blvd median and curb lane restricted at Altadena Ave,11780.0,N Frank Lloyd Wright Blvd,R,Scottsdale,Maricopa,AZ,85259,US,US/Mountain,KSDL,2021-05-31 07:53:00,79.0,79.0,26.0,28.27,10.0,CALM,0.0,0.0,Fair,False,False,True,False,False,False,False,False,False,False,False,True,False,Day,Day,Day,Day
C-1852036,4,2018-07-01 06:59:26.000000000,2018-07-01 12:59:26.000000000,25.82432,-80.20647,25.911488,-80.21004,6.0268234010500015,Closed at I-95 Local Ln Access - Closed. Construction work.,,I-95 N,R,Miami,Miami-Dade,FL,33127,US,US/Eastern,KMIA,2018-07-01 06:53:00,80.1,,94.0,30.02,10.0,Calm,,,Scattered Clouds,False,False,False,False,False,False,False,False,False,False,False,False,False,Day,Day,Day,Day
C-1852037,2,2021-05-07 12:37:00.000000000,2021-05-07 14:04:00.000000000,38.897867,-89.429849,38.89791,-89.42234300000001,0.403631667677,Stationary traffic on IL-140 - IL-127 from IL-127/Patriot's Park (IL-140) to IL-127/CR-7/Mill Hill Rd (IL-140) due to roadwork.,1075.0,State Route 140,R,Greenville,Bond,IL,62246-3250,US,US/Central,K3LF,2021-05-07 12:35:00,68.0,68.0,32.0,29.32,10.0,W,17.0,0.0,Fair,False,False,False,False,False,False,False,False,False,False,False,False,False,Day,Day,Day,Day
C-1852038,2,2018-07-05 22:00:56.000000000,2018-07-06 04:00:56.000000000,40.72983,-74.0107,40.72981,-74.01048,0.0116014921973999,Between RT-9A/West Side Hwy/West St and Hudson St - Construction work.,,West St,R,New York,New York,NY,10014,US,US/Eastern,KJRB,2018-07-05 21:56:00,81.0,,79.0,30.17,10.0,North,,,Clear,False,False,True,False,False,False,False,False,False,False,False,True,False,Night,Night,Night,Day
C-1852039,2,2020-06-08 06:32:44.000000000,2020-06-08 09:00:00.000000000,37.93013,-79.23066999999998,38.10344,-79.06626,14.949364998599998,Between VA-710/Exit 200 and VA-262/Exit 220 - Construction work.,,I-64 E,R,Raphine,Rockbridge,VA,24472,US,US/Eastern,KSHD,2020-06-08 09:35:00,67.0,67.0,62.0,28.85,10.0,NE,5.0,0.0,Fair,False,False,False,False,False,False,False,False,False,False,False,False,False,Day,Day,Day,Day
C-1852040,3,2017-11-30 09:00:00.000000000,2017-11-30 21:00:00.000000000,41.009212,-73.850739,,,4.03000020981,Intermittent lane closures due to bridge maintenance work on I-87 Southbound between Exit 7A Saw Mill River Pkwy and Exit 7 NY-9A Saw Mill River Rd.,,New York Trwy N,R,Ardsley,Westchester,NY,10502,US,US/Eastern,KHPN,2017-11-30 08:56:00,33.1,24.9,61.0,30.32,10.0,East,10.4,,Clear,False,False,False,False,False,False,False,False,False,False,False,False,False,Day,Day,Day,Day
C-1852041,2,2020-04-29 09:06:00.000000000,2020-05-02 06:00:00.000000000,39.13053,-75.49331,39.11182,-75.55514000000002,3.55750219828,Between SR-1/Bay Rd and South St - Construction work.,1749.0,E Lebanon Rd,R,Dover,Kent,DE,19901-5844,US,US/Eastern,KDOV,2020-04-30 20:53:00,59.0,59.0,100.0,29.7,10.0,SSE,5.0,0.0,Mostly Cloudy,False,False,False,False,False,False,False,False,False,False,False,False,False,Day,Day,Day,Day
C-1852042,2,2020-06-09 09:50:24.000000000,2020-06-10 15:30:00.000000000,41.82414,-71.34184,41.82178,-71.3566,0.777274300316,At RI-114/RI-1A/Pawtucket Ave - Construction work.,120.0,Taunton Ave,R,Seekonk,Bristol,MA,02771-6136,US,US/Eastern,KPVD,2020-06-09 09:51:00,71.0,71.0,45.0,29.88,10.0,VAR,3.0,0.0,Mostly Cloudy,False,False,False,False,False,False,False,False,False,False,False,True,False,Day,Day,Day,Day
C-1852043,4,2019-04-05 03:02:41.000000000,2019-04-05 08:01:04.000000000,47.62453,-122.33437,47.62464,-122.33343,0.0444287857592,Ramp closed to I-5 and I-5 Express Ln Northbound - Closed due to roadwork.,596.0,Fairview Ave N,R,Seattle,King,WA,98109-5506,US,US/Pacific,KBFI,2019-04-05 02:53:00,52.0,52.0,86.0,29.75,10.0,SE,7.0,0.02,Cloudy,False,False,True,False,False,False,False,False,False,False,False,True,False,Night,Night,Night,Night
C-1852044,2,2020-12-25 02:04:42.000000000,2020-12-26 02:51:04.000000000,43.952554,-92.059732,43.952344,-92.070622,0.541878821444,Construction on I-90 WB near MN 74 Allow extra time.,,I-90 W,R,Saint Charles,Winona,MN,55972,US,US/Central,KONA,2020-12-25 01:55:00,1.0,-12.0,78.0,29.36,10.0,NW,8.0,0.0,Fair,False,False,False,False,True,False,False,False,False,False,False,False,False,Night,Night,Night,Night
C-1852045,2,2021-02-20 18:31:54.000000000,2021-02-21 10:30:14.000000000,32.066785,-93.261083,32.076445,-93.239543,1.42686815759,Roadwork on Morning Henson Rd from Sam Ross Rd to LA-155.,3864.0,Highway 155,L,Coushatta,Red River,LA,71019-7108,US,US/Central,KIER,2021-02-20 18:35:00,46.0,44.0,61.0,30.15,10.0,ESE,6.0,0.0,Fair,False,False,False,False,False,False,False,False,False,False,False,False,False,Night,Night,Day,Day
C-1852046,2,2017-07-15 07:18:47.000000000,2017-07-15 13:20:31.000000000,41.093272,-75.81811400000002,41.092594,-75.817332,0.0620694839264999,At PA-940/Berwick St - Roadwork. Lane blocked.,526.0,State Route 437,R,White Haven,Luzerne,PA,18661-3843,US,US/Eastern,KAVP,2017-07-15 07:14:00,66.0,,100.0,29.99,3.0,Calm,,,Overcast,False,False,False,False,False,False,False,False,False,False,False,False,False,Day,Day,Day,Day
C-1852047,2,2020-10-23 13:09:30.000000000,2020-10-23 14:54:00.000000000,34.989569,-85.20344399999998,34.995763000000004,-85.207626,0.4890677925259999,Queuing traffic on I-75 from TN--GA State Border (I-75) to I-24/TN-2/Exit 2 (I-75) due to roadwork.,,I-75 N,R,Chattanooga,Hamilton,TN,37412,US,US/Eastern,KCHA,2020-10-23 12:53:00,77.0,77.0,69.0,29.39,10.0,SW,5.0,0.0,Mostly Cloudy,False,False,False,False,True,False,False,False,False,False,False,False,False,Day,Day,Day,Day
C-1852048,2,2021-07-10 08:07:00.000000000,2021-07-10 08:35:30.000000000,40.840341,-73.94609399999999,40.84482,-73.944898,0.315720465954,Stationary traffic on NY-9A N - Henry Hudson Pkwy N from 158th St/Exit 13 (NY-9A) to Riverside Dr (US-9/NY-9A) due to roadwork.,,Henry Hudson Pkwy N,R,New York,New York,NY,10032,US,US/Eastern,KNYC,2021-07-10 07:51:00,68.0,68.0,90.0,29.86,10.0,VAR,5.0,0.0,Cloudy,False,False,False,False,True,False,False,False,False,False,False,False,False,Day,Day,Day,Day
C-1852049,2,2021-07-19 10:11:31.000000000,2021-07-19 14:21:54.000000000,42.710228,-73.86291700000002,42.699465,-73.844241,1.20507254305,Slow traffic on I-90 E - I-87 N - New York State Thruway E from I-890/Exit 25 (I-90) to I-87/Exit 1 (I-90) due to roadwork.,,I-90 E,R,Albany,Albany,NY,12205,US,US/Eastern,KALB,2021-07-19 09:51:00,66.0,66.0,96.0,29.68,10.0,CALM,0.0,0.0,Cloudy,False,False,False,False,False,False,False,False,False,False,False,False,False,Day,Day,Day,Day
C-1852050,2,2019-07-23 18:05:04.000000000,2019-07-27 19:02:23.000000000,40.225953,-76.301965,40.237641,-76.334921,1.91680081692,Between N Clay Rd and Boyd St - Roadwork. Lane blocked.,14.0,E 28th Division Hwy,R,Lititz,Lancaster,PA,17543-9652,US,US/Eastern,KLNS,2019-07-23 17:53:00,76.0,76.0,71.0,29.44,10.0,NE,5.0,0.0,Fair,False,False,False,False,False,False,False,False,False,False,False,False,False,Day,Day,Day,Day
C-1852051,2,2018-06-29 10:24:33.000000000,2018-07-31 19:00:00.000000000,35.551075,-97.638115,,,0.0,Lane closed due to construction work on Rockwell Ave both ways at Wilshire Blvd.,7901.0,N Rockwell Ave,L,Oklahoma City,Oklahoma,OK,73132,US,US/Central,KPWA,,,,,,,,,,,False,False,True,False,False,False,False,False,False,False,False,False,False,Day,Day,Day,Day
C-1852052,2,2021-02-08 01:02:30.000000000,2021-02-08 10:00:12.000000000,32.084725,-98.964016,32.101695,-98.964284,1.17262026742,Roadwork on Brown--Eastland County Border (US-183) from CR-292 (US-183) to US-183 N - US-183 S.,27001.0,Highway 183 S,R,Rising Star,Eastland,TX,76471-2426,US,US/Central,KBWD,2021-02-08 00:55:00,50.0,50.0,62.0,28.4,10.0,SE,7.0,0.0,Partly Cloudy,False,False,False,False,False,False,False,False,False,False,False,False,False,Night,Night,Night,Night
C-1852053,2,2020-12-07 08:00:00.000000000,2020-12-12 07:59:59.000000000,39.128149,-76.73571700000002,39.128189,-76.735763,0.0037036511622199,WATERLINE WORK. ANNE ARUNDEL COUNTY: MD-175 WEST BETWEEN (CO-936) DISNEY RD AND (CO-7124) PARKSIDE BLVD,,Disney Rd,R,Fort George G Meade,Anne Arundel,MD,20755,US,US/Eastern,KFME,2020-12-07 07:55:00,32.0,32.0,87.0,29.76,10.0,CALM,0.0,,Cloudy,False,False,True,False,False,False,False,False,False,False,False,True,False,Day,Day,Day,Day
C-1852054,2,2017-06-01 07:30:10.000000000,2017-06-01 13:32:34.000000000,40.7942,-79.16620999999998,40.793221,-79.180376,0.744080817159,At PA-85 (South) - Roadwork. Lane blocked.,5499.0,Route 85 Hwy,L,Home,Indiana,PA,15747-6703,US,US/Eastern,KIDI,2017-06-01 07:35:00,53.6,,100.0,30.08,0.2,West,4.6,,Fog,False,False,False,False,False,False,False,False,False,False,False,False,False,Day,Day,Day,Day
C-1852055,2,2020-09-17 01:12:30.000000000,2020-09-17 06:49:50.000000000,37.670772,-79.796094,37.687404,-79.80935600000002,1.35886384797,Roadwork on US-220 from VA-43/Narrow Passage Rd (Botetourt Rd/US-220) to Locust Bottom Rd (Botetourt Rd/US-220).,14380.0,Botetourt Rd,R,Eagle Rock,Botetourt,VA,24085-3085,US,US/Eastern,KHSP,2020-09-17 02:15:00,60.0,60.0,62.0,26.26,10.0,SSW,6.0,0.0,Fair,False,False,False,False,False,False,False,False,False,False,False,False,False,Night,Night,Night,Night
C-1852056,2,2021-06-05 20:04:00.000000000,2021-06-05 22:08:40.000000000,26.033513,-80.144915,26.032791,-80.143291,0.112489399178,Slow traffic on US-1 N - FL-822 - US-1 S - FL-5 from N 19th Ave to Sherman St due to roadwork.,1880.0,Sheridan St,L,Hollywood,Broward,FL,33020-2117,US,US/Eastern,KFLL,2021-06-05 19:53:00,82.0,82.0,79.0,30.03,10.0,E,14.0,0.0,Mostly Cloudy,False,False,False,False,False,False,False,False,False,False,False,False,False,Day,Day,Day,Day
C-1852057,2,2020-11-20 02:50:13.000000000,2020-11-20 04:57:30.000000000,35.139225,-81.51264499999998,35.118177,-81.57615200000002,3.87217610865,Slow traffic on I-85 S from SC-198/Exit 102 (I-85) to SC-18/Shelby Hwy/Exit 96 (I-85) due to roadwork.,,I-85 S,R,Blacksburg,Cherokee,SC,29702,US,US/Eastern,KEHO,2020-11-20 02:55:00,32.0,32.0,95.0,29.59,10.0,CALM,0.0,0.0,Fair,False,False,False,False,False,False,False,False,False,False,False,False,False,Night,Night,Night,Night
C-1852058,2,2021-06-14 00:00:00.000000000,2021-08-30 11:45:00.000000000,43.713473,-87.761052,43.681303,-87.760162,2.22317990452,Construction on I-43 SB near COUNTY EE Left lane closed. Expect delays.,,I-43 S,R,Sheboygan,Sheboygan,WI,53081,US,US/Central,KSBM,2021-06-14 00:53:00,62.0,62.0,75.0,29.13,10.0,ENE,18.0,0.0,Mostly Cloudy,False,False,False,False,False,False,False,False,False,False,False,False,False,Night,Night,Night,Night
C-1852059,2,2021-02-10 15:38:00.000000000,2021-02-10 21:34:30.000000000,35.35276,-119.033234,35.35279600000001,-119.040058,0.3845604728419999,Slow traffic on CA-58 W from exit [110B] to exit [110A] due to roadwork.,,CA-58 W,R,Bakersfield,Kern,CA,93304,US,US/Pacific,KBFL,2021-02-10 15:54:00,66.0,66.0,40.0,29.49,9.0,VAR,6.0,0.0,Fair,False,False,False,False,True,False,False,False,False,False,False,False,False,Day,Day,Day,Day
C-1852060,3,2020-03-30 09:25:15.000000000,2020-03-30 11:25:15.000000000,39.79833,-104.93091,39.79833,-104.93091,0.0,At US-85/CO-2/Vasquez Blvd/Exit 2 - Roadwork. Roadway reduced to 1 lane.,,I-270 W,R,Commerce City,Adams,CO,80022,US,US/Mountain,KBKF,2020-03-30 08:58:00,43.0,38.0,47.0,24.34,10.0,NW,8.0,0.0,Mostly Cloudy,False,False,False,False,True,False,False,False,False,False,False,False,False,Day,Day,Day,Day
C-1852061,2,2021-06-15 18:33:47.000000000,2021-06-15 19:13:38.000000000,40.761104,-73.98325799999998,40.759213,-73.984611,0.148609571596,Stationary traffic from W 50th St (7th Ave) to Broadway/W 45th St (7th Ave) due to roadwork.,201.0,W 50th St,R,New York,New York,NY,10019-6811,US,US/Eastern,KNYC,2021-06-15 18:51:00,76.0,76.0,48.0,29.64,,W,9.0,0.0,Fair,True,False,True,False,False,False,True,False,True,False,False,True,False,Day,Day,Day,Day
C-1852062,2,2021-11-16 14:41:00.000000000,2021-11-16 15:09:00.000000000,25.941869,-80.30255799999998,25.942427,-80.31026800000002,0.4805813402889999,Slow traffic on FL-860 from FL-823/57th Ave/Red Rd (FL-860) to 82nd Ave (FL-860) due to roadwork.,6347.0,NW 186th St,R,Hialeah,Miami-Dade,FL,33015,US,US/Eastern,KOPF,2021-11-16 14:53:00,77.0,77.0,56.0,30.12,10.0,E,14.0,0.0,Fair,False,False,False,False,False,False,False,False,True,False,False,True,False,Day,Day,Day,Day
C-1852063,2,2020-09-30 16:03:00.000000000,2020-09-30 19:40:00.000000000,42.562708,-89.90769399999998,42.568173,-89.886354,1.14971738869,Queuing traffic on WI-11 from CR-KK (WI-11) to WI-176 (WI-11) due to roadwork.,4934.0,State Road 11,L,South Wayne,Lafayette,WI,53587-9754,US,US/Central,KEFT,2020-09-30 15:55:00,61.0,61.0,43.0,28.61,10.0,WNW,15.0,0.0,Fair,False,False,False,False,False,False,False,False,False,False,False,False,False,Day,Day,Day,Day
C-1852064,4,2020-08-24 07:00:00.000000000,2020-11-26 08:44:59.000000000,41.721971,-87.605627,41.722001,-87.604474,0.0594964943365,Construction on E 95TH ST EB near COTTAGE GROVE Expect delays.,711.0,E 95th St,L,Chicago,Cook,IL,60628,US,US/Central,KMDW,2020-08-24 06:53:00,73.0,73.0,87.0,29.32,10.0,SW,5.0,0.0,Fair,False,False,True,False,False,False,False,False,True,False,False,True,False,Day,Day,Day,Day
C-1852065,2,2021-06-09 14:57:07.000000000,2021-11-16 19:06:00.000000000,43.88364,-111.727867,43.883641,-111.722129,0.285746771857,Stationary traffic on ID-33 from ID-33 Spur/Digger Dr/N 2000 E (ID-33) to Center St (ID-33) due to roadwork.,2498.0,E Highway 33,R,Sugar City,Madison,ID,83448-1126,US,US/Mountain,KRXE,2021-11-16 15:53:00,44.0,42.0,22.0,25.09,10.0,N,5.0,0.0,Cloudy,False,False,False,False,False,False,False,False,False,False,False,False,False,Day,Day,Day,Day
C-1852066,2,2019-04-25 21:04:35.000000000,2019-04-29 21:04:27.000000000,33.918409999999994,-84.54899999999998,33.92241,-84.50519,2.52699003839,Between GA-5/Austell Rd and US-41/GA-3/Cobb Pky SE - Construction work.,1409.0,S Cobb Dr,L,Marietta,Cobb,GA,30008,US,US/Eastern,KMGE,2019-04-25 20:56:00,62.0,62.0,87.0,28.72,10.0,S,9.0,0.02,Cloudy,False,False,False,False,False,False,False,False,False,False,False,False,False,Night,Night,Day,Day
C-1852067,2,2021-09-14 14:48:33.000000000,2021-12-13 15:55:10.000000000,39.763692,-86.340743,39.764293,-86.33668399999998,0.219540946808,Slow traffic on US-36 E - US-36 W from Shiloh Crossing Dr to Shiloh Xing / N County Road 1050 E due to roadwork.,10269.0,E US Highway 36,R,Avon,Hendricks,IN,46123-7985,US,US/Eastern,KIND,2021-12-13 12:54:00,50.0,50.0,43.0,29.4,10.0,SW,13.0,0.0,Mostly Cloudy,False,False,False,False,False,False,False,False,False,False,False,True,False,Day,Day,Day,Day
C-1852068,2,2016-12-02 09:01:11.000000000,2016-12-02 15:01:11.000000000,38.631809,-90.245297,38.632432,-90.242002,0.182978685757,At Grand Blvd/Market St/Exit 37 - Maintenance work.,,US-40 E,R,Saint Louis,St. Louis City,MO,63110,US,US/Central,KCPS,2016-12-02 08:53:00,34.0,29.8,82.0,30.28,10.0,WSW,4.6,,Clear,False,False,False,False,False,False,False,False,False,False,False,False,False,Day,Day,Day,Day
C-1852069,2,2021-10-12 18:20:30.000000000,2021-10-12 19:02:30.000000000,33.499251,-112.134248,33.494992,-112.134225,0.294271857831,Slow traffic from W Camelback Rd (N 35th Ave) to US-60/W Grand Ave (N 35th Ave) due to roadwork.,4321.0,N 35th Ave,R,Phoenix,Maricopa,AZ,85017-3835,US,US/Mountain,KPHX,2021-10-12 17:51:00,68.0,68.0,16.0,28.65,10.0,VAR,3.0,0.0,Fair,False,False,True,False,False,False,False,False,False,False,False,True,False,Night,Day,Day,Day
C-1852070,2,2021-08-24 08:00:00.000000000,2021-08-25 09:44:55.000000000,39.315892,-76.544741,39.315415,-76.544527,0.0348864089585,Construction on MORAVIA RD EB near MORAVIA PARK DR Expect delays.,,Moravia Park Dr,R,Baltimore,Baltimore City,MD,21206,US,US/Eastern,KMTN,2021-08-24 07:54:00,77.0,77.0,89.0,29.98,10.0,NW,3.0,0.0,Fair,False,False,False,False,False,False,False,False,False,False,False,True,False,Day,Day,Day,Day
C-1852071,2,2021-12-31 06:47:30.000000000,2021-12-31 07:08:30.000000000,29.115214,-97.745685,29.121117,-97.758326,0.865192540017,Stationary traffic on TX-119 from Lackey Ranch Rd (TX-119) to TX-80 (TX-119) due to roadwork.,6244.0,State Highway 119,L,Gillett,Karnes,TX,78116,US,US/Central,KT20,2021-12-31 06:55:00,68.0,68.0,100.0,29.45,5.0,S,6.0,0.0,Cloudy,False,False,False,False,False,False,False,False,False,False,False,False,False,Night,Night,Day,Day
C-1852072,2,2021-12-29 14:43:00.000000000,2021-12-29 16:45:03.000000000,27.894572,-82.788359,27.895501,-82.78704300000003,0.10284983848,Slow traffic on FL-688 - US-19 Alt N - FL-595 from 113th St / Ridge Rd S to Silvercrest Dr due to roadwork.,10766.0,Ulmerton Rd,L,Largo,Pinellas,FL,33778,US,US/Eastern,KPIE,2021-12-29 14:53:00,81.0,81.0,60.0,30.01,10.0,S,16.0,0.0,Fair,False,False,False,False,False,False,False,False,True,False,False,False,False,Day,Day,Day,Day
C-1852073,2,2020-08-26 11:55:30.000000000,2020-08-26 22:08:05.000000000,40.798822,-89.19126999999996,40.797032,-89.19448100000002,0.208575463176,Roadwork on IL-116 from IL-117/CR-18/CR-1800 (IL-116) to CR-4/W Front St (IL-117/W Front St/IL-116).,500.0,E Husseman St,R,Roanoke,Woodford,IL,61561-7402,US,US/Central,KC75,2020-08-26 11:55:00,86.0,86.0,61.0,29.37,10.0,SSW,7.0,0.0,Fair,False,False,False,False,False,False,False,False,False,False,False,False,False,Day,Day,Day,Day
C-1852074,2,2019-04-02 23:01:21.000000000,2019-04-06 23:01:12.000000000,40.76198,-74.00108,40.767369,-73.99622099999998,0.450885053711,At 50th St - Construction work.,,W 42nd St,R,New York,New York,NY,10019,US,US/Eastern,KNYC,2019-04-02 22:51:00,42.0,38.0,76.0,29.96,10.0,E,7.0,0.0,Light Rain,False,False,True,False,False,False,False,False,False,False,False,True,False,Night,Night,Night,Night
C-1852075,2,2021-09-17 00:47:30.000000000,2021-09-17 01:19:30.000000000,40.371395,-75.919024,40.37004,-75.910516,0.457543269394,Slow traffic on PA-12 E from US-222 Bus/N 5th Street Hwy (Warren St Byp/PA-12) to N 11th St (Warren St Byp/PA-12) due to roadwork.,,Warren Street Byp E,R,Reading,Berks,PA,19605,US,US/Eastern,KRDG,2021-09-17 00:54:00,72.0,72.0,81.0,29.83,10.0,NE,3.0,0.0,Cloudy,False,False,False,False,False,False,False,False,False,False,False,False,False,Night,Night,Night,Night
C-1852076,2,2020-08-31 14:03:30.000000000,2020-08-31 14:56:00.000000000,40.757378,-73.926905,40.758118,-73.928495,0.0976676572475,Queuing traffic from 33rd St to 31st St due to resurfacing work.,3300.0,35th Ave,R,Astoria,Queens,NY,11106-1221,US,US/Eastern,KNYC,2020-08-31 13:51:00,72.0,72.0,68.0,29.99,10.0,CALM,0.0,0.0,Cloudy,True,False,True,False,False,False,False,False,True,False,False,True,False,Day,Day,Day,Day
C-1852077,2,2020-05-10 20:39:36.000000000,2020-05-11 06:00:00.000000000,41.73457,-72.74736999999998,41.72602,-72.7806,1.81243195183,Between Main Street/Exit 41 and CT-9/Exit 39A - Roadwork. Left lane closed.,,I-84 W,R,West Hartford,Hartford,CT,06107,US,US/Eastern,KHFD,2020-05-10 20:53:00,58.0,58.0,33.0,29.9,10.0,SSW,6.0,0.0,Fair,False,False,False,False,False,False,False,False,False,False,False,False,False,Night,Night,Day,Day
C-1852078,4,2021-03-03 03:28:42.000000000,2021-09-16 23:59:00.000000000,38.634301,-90.263298,38.63308,-90.26357,0.0856308646147,Closed road from McKinley Ave to Clayton Ave due to roadwork.,700.0,S Euclid Ave,L,Saint Louis,St. Louis City,MO,63110-1012,US,US/Central,KCPS,2021-09-09 04:53:00,54.0,54.0,100.0,29.54,10.0,CALM,0.0,0.0,Fair,False,False,False,False,False,False,False,False,False,True,False,False,False,Night,Night,Night,Night
C-1852079,2,2021-12-22 10:06:00.000000000,2021-12-22 13:45:08.000000000,25.685061,-80.427529,25.684952,-80.430929,0.2118394411609999,Slow traffic on FL-94 from 137th Ave (N Kendall Dr) to FL-997/Krome Ave (N Kendall Dr) due to roadwork.,,SW 88th St,R,Miami,Miami-Dade,FL,33186,US,US/Eastern,KTMB,2021-12-22 09:53:00,67.0,67.0,68.0,29.96,10.0,N,12.0,0.0,Mostly Cloudy,False,False,False,False,False,False,False,False,False,False,False,False,False,Day,Day,Day,Day
C-1852080,2,2021-02-21 07:59:00.000000000,2021-02-21 16:27:02.000000000,33.509437,-112.137046,33.51027,-112.134177,0.175015851878,Stationary traffic from N 37th Ave to W Pasadena Ave due to roadwork.,3631.0,W Camelback Rd,L,Phoenix,Maricopa,AZ,85019-2752,US,US/Mountain,KGEU,2021-02-21 10:58:00,64.0,64.0,14.0,29.1,10.0,NNE,8.0,0.0,Fair,True,False,False,False,False,False,False,False,True,False,False,False,False,Day,Day,Day,Day
C-1852081,2,2019-05-13 06:03:42.000000000,2019-05-17 06:03:16.000000000,40.65156,-74.13699,40.654237,-74.131926,0.323535557859,At Kennedy Blvd/Avenue A - Construction work.,,Bayonne Brg S,R,Bayonne,Hudson,NJ,07002,US,US/Eastern,KEWR,2019-05-13 05:51:00,44.0,40.0,96.0,29.86,3.0,NNE,7.0,0.0,Light Drizzle,False,False,False,False,False,False,False,False,False,False,False,False,False,Day,Day,Day,Day
C-1852082,2,2019-08-07 08:02:45.000000000,2019-08-11 08:01:52.000000000,37.72975,-122.38344,37.730344,-122.382876,0.0513254678886,At Oakdale Ave - Construction work.,1463.0,Ingalls St,L,San Francisco,San Francisco,CA,94124-2805,US,US/Pacific,KSFO,2019-08-07 07:56:00,60.0,60.0,80.0,29.94,9.0,SW,8.0,0.0,Mostly Cloudy,False,False,True,False,False,False,False,False,True,True,False,False,False,Day,Day,Day,Day
C-1852083,2,2020-10-15 17:09:27.000000000,2020-10-15 21:45:00.000000000,40.736387,-73.909274,40.735682,-73.914598,0.282955672656,Construction on LAUREL HILL BLVD WB near 58TH ST Construction. Right lane closed.,,58th St,R,Woodside,Queens,NY,11377,US,US/Eastern,KLGA,2020-10-15 16:51:00,69.0,69.0,58.0,29.91,10.0,S,25.0,0.0,Mostly Cloudy / Windy,False,False,False,False,False,False,False,False,False,False,False,True,False,Day,Day,Day,Day
C-1852084,2,2021-10-30 19:27:30.000000000,2021-10-30 21:28:44.000000000,33.422032,-111.924045,33.421606,-111.92631000000002,0.133893311032,Slow traffic from S Athletes Pl to S Terrace Rd / E Krueger St due to roadwork.,953.0,E University Dr,R,Tempe,Maricopa,AZ,85281-4205,US,US/Mountain,KPHX,2021-10-30 19:51:00,83.0,83.0,16.0,28.66,10.0,CALM,0.0,0.0,Fair,False,False,False,False,False,True,False,False,False,False,False,False,False,Night,Night,Night,Night
C-1852085,4,2021-01-26 05:16:00.000000000,2021-01-27 12:28:43.000000000,35.22059,-112.503229,35.21905,-112.490109,0.748170636924,Construction on I-40 EB near AZ-89 Expect delays.,,I-40 E,R,Ash Fork,Yavapai,AZ,86320,US,US/Mountain,KCMR,2021-01-26 05:15:00,17.0,17.0,92.0,22.81,2.0,SW,3.0,0.0,Light Snow,False,False,False,False,True,False,False,False,False,False,False,False,False,Night,Night,Night,Night
C-1852086,2,2020-06-25 18:30:52.000000000,2020-06-26 06:00:00.000000000,28.45761,-81.3099,28.45761,-81.3099,0.0,At N Frontage Rd/TG Lee Blvd - Roadwork during the night.,,S Semoran Blvd,R,Orlando,Orange,FL,32822,US,US/Eastern,KORL,2020-06-25 18:53:00,89.0,89.0,52.0,29.98,10.0,SSE,8.0,0.0,Fair,False,False,False,False,True,False,False,False,False,False,False,False,False,Day,Day,Day,Day
C-1852087,2,2021-01-25 04:37:00.000000000,2021-01-26 06:14:58.000000000,30.748025,-85.864838,30.75511400000001,-85.832549,1.9788439207,Construction on I-10 EB near MM 102 Construction. Right lane closed.,,FL-8 E,R,Westville,Holmes,FL,32464,US,US/Central,KVSH,2021-01-25 04:50:00,68.0,68.0,94.0,29.88,0.75,SE,5.0,0.0,Fog,False,False,False,False,False,False,False,False,False,False,False,False,False,Night,Night,Night,Night
C-1852088,3,2017-04-28 08:00:00.000000000,2017-04-28 15:00:00.000000000,42.745918,-83.40729499999998,,,0.01,Right lane closed due to construction on I-75 Northbound at Clarkston Rd.,,Chrysler Fwy N,R,Clarkston,Oakland,MI,48348,US,US/Eastern,KPTK,2017-04-28 07:53:00,46.9,,68.0,29.94,10.0,SW,5.8,,Mostly Cloudy,False,False,False,False,False,False,False,False,False,False,False,False,False,Day,Day,Day,Day
C-1852089,2,2020-10-23 14:59:00.000000000,2020-10-23 23:21:44.000000000,41.53096,-87.98599399999998,41.517423,-87.99438,1.03101788695,Slow traffic on I-80 from I-355/Veterans Memorial Tollway/Exit 140 (I-80) to US-30/Maple St/Exit 137 (I-80) due to roadwork.,,I-80 W,R,New Lenox,Will,IL,60451,US,US/Central,KLOT,2020-10-23 14:55:00,43.0,36.0,97.0,29.3,10.0,NW,15.0,0.0,Light Rain,False,False,False,False,False,False,False,False,False,False,False,False,False,Day,Day,Day,Day
C-1852090,2,2020-09-02 02:04:00.000000000,2020-09-02 02:38:30.000000000,40.824081,-73.948895,40.824984,-73.951033,0.128016340174,Slow traffic from Amsterdam Ave to Broadway due to roadwork.,499.0,W 143rd St,R,New York,New York,NY,10031-6209,US,US/Eastern,KNYC,2020-09-02 02:14:00,70.0,70.0,87.0,29.95,8.0,E,7.0,0.0,Cloudy,False,False,True,False,False,False,False,False,False,False,False,True,False,Night,Night,Night,Night
C-1852091,2,2020-11-02 15:00:00.000000000,2020-11-13 23:45:00.000000000,44.421641,-89.725868,44.421666,-89.725637,0.0115293073702,Mainline Moving Lane Closure on WIS 54 Eastbound from WOOD - PORTAGE CO LINE to OFF RAMP TO US 51 SB.,,80th St N,R,Wisconsin Rapids,Portage,WI,54494,US,US/Central,KISW,2020-11-02 14:54:00,52.0,52.0,34.0,28.93,10.0,WSW,15.0,0.0,Fair,False,False,False,False,False,False,False,False,False,False,False,False,False,Day,Day,Day,Day
C-1852092,2,2019-04-06 07:00:00.000000000,2020-05-13 07:00:46.000000000,45.74871,-102.16952,45.93495,-102.17689,12.8728472687,Between Bald Butte Rd and US-12 - Roadwork.,11384.0,SD Highway 73,R,Shadehill,Perkins,SD,57638-6709,US,US/Mountain,KY22,2019-04-06 06:53:00,38.0,31.0,100.0,27.01,0.25,ESE,9.0,0.0,Fog,False,False,False,False,False,False,False,False,False,False,False,False,False,Day,Day,Day,Day
C-1852093,2,2021-09-05 06:31:30.000000000,2021-09-05 08:37:17.000000000,40.717283,-73.995436,40.716592,-73.996944,0.0922823969766,Slow traffic from Hester St to Private Danny Chen Way / Elizabeth St due to roadwork.,93.0,Bowery,R,New York,New York,NY,10002-6738,US,US/Eastern,KJRB,2021-09-05 06:51:00,67.0,67.0,73.0,29.81,10.0,CALM,0.0,0.0,Fair,True,False,True,False,False,False,False,False,True,False,False,True,False,Day,Day,Day,Day
C-1852094,2,2021-04-07 05:11:30.000000000,2021-12-30 17:30:16.000000000,29.798053000000003,-90.821573,29.79895,-90.818074,0.218755392469,Stationary traffic on LA-1 from Jackson St (LA-1) to Canal Blvd (LA-1) due to roadwork.,619.0,W 1st St,R,Thibodaux,Lafourche,LA,70301-3038,US,US/Central,K7R3,2021-10-07 07:28:00,66.0,66.0,100.0,30.05,0.25,CALM,0.0,0.0,Fog,False,False,False,False,False,False,False,False,False,False,False,True,False,Night,Night,Night,Night
C-1852095,3,2020-01-31 01:47:17.000000000,2020-01-31 07:01:00.000000000,40.359791,-104.983772,,,2.76999998093,Right lane closed due to construction during the night on I-25 Northbound between Exit 252 CO-60 and Exit 254 Frontage Rd.,,I-25 N,R,Johnstown,Larimer,CO,80534,US,US/Mountain,KFNL,2020-01-31 01:56:00,21.0,11.0,65.0,25.05,10.0,SSW,8.0,0.0,Fair,False,False,False,False,False,False,False,False,False,False,False,False,False,Night,Night,Night,Night
C-1852096,2,2021-12-30 16:06:30.000000000,2021-12-30 17:22:00.000000000,37.72105300000001,-119.627283,37.743113,-119.589703,2.55738973536,Slow traffic from Henness Ridge Dr (Wawona Rd/CA-41) to CA-140/Northside Dr (Southside Dr/CA-41) due to roadwork.,,El Capitan Dr,R,Yosemite National Park,Mariposa,CA,95389,US,US/Pacific,KMMH,2021-12-30 16:35:00,14.0,14.0,100.0,22.84,0.25,SE,3.0,0.0,Cloudy,False,False,True,False,False,False,False,False,False,True,False,False,False,Day,Day,Day,Day
C-1852097,4,2021-08-05 20:17:36.000000000,2021-08-06 06:45:00.000000000,33.510829,-86.876455,33.512642,-86.874114,0.184062773304,Construction on I-20 EB near BUSH BLVD Take alternate route.,,I-20 E,R,Birmingham,Jefferson,AL,35208,US,US/Central,KBHM,2021-08-05 19:53:00,80.0,80.0,74.0,29.4,10.0,CALM,0.0,0.0,Cloudy,False,False,False,False,False,False,False,False,False,False,False,False,False,Night,Night,Day,Day
C-1852098,2,2020-05-31 01:08:20.000000000,2020-05-31 01:53:20.000000000,33.70247,-117.95095,33.70075,-117.9477,0.221411107088,At Talbert Ave - Roadwork. Three lanes closed. Lane closed.,,San Diego Fwy S,R,Fountain Valley,Orange,CA,92708,US,US/Pacific,KSNA,2020-05-31 00:53:00,66.0,66.0,70.0,29.87,10.0,CALM,0.0,0.0,Fair,False,False,False,False,False,False,False,False,False,False,False,False,False,Night,Night,Night,Night
C-1852099,2,2021-04-21 11:01:00.000000000,2021-12-09 20:36:57.000000000,29.888964,-81.324302,29.891815,-81.324118,0.197293462123,Stationary traffic on US-1 N - FL-5 from FL-207 (US-1) to W Castillo Dr (FL-A1A/US-1) due to roadwork.,343.0,S Ponce de Leon Blvd,R,Saint Augustine,St. Johns,FL,32084-4217,US,US/Eastern,KSGJ,2021-12-09 18:34:00,63.0,63.0,94.0,30.16,10.0,N,7.0,0.0,Mostly Cloudy,False,False,False,False,False,False,False,False,True,False,False,False,False,Day,Day,Day,Day
C-1852100,4,2018-09-10 18:56:26.000000000,2018-09-10 23:56:22.000000000,41.947692,-74.037976,41.94696,-74.03928,0.0839551144964,Closed at RT-28/Onteora Trl - Closed. Construction work.,,US-209 S,R,Kingston,Ulster,NY,12401,US,US/Eastern,KPOU,2018-09-10 18:53:00,57.0,,93.0,30.17,2.5,North,9.2,0.02,Light Rain,False,False,False,False,False,False,False,False,False,False,False,False,False,Day,Day,Day,Day
C-1852101,2,2020-04-20 07:00:00.000000000,2020-08-02 00:20:44.000000000,42.220846,-86.36555600000001,42.19575800000001,-86.374344,1.79081185194,Construction on I-196 SB near MI-63 Expect delays.,,I-196 W,R,Coloma,Berrien,MI,49038,US,US/Eastern,KBEH,2020-04-20 06:53:00,35.0,30.0,76.0,29.1,10.0,SSE,6.0,0.0,Fair,False,False,False,False,False,False,False,False,False,False,False,False,False,Day,Day,Day,Day
C-1852102,4,2019-05-04 06:59:12.000000000,2019-05-04 11:58:53.000000000,39.63809000000001,-84.17151899999998,39.63072,-84.20796,2.0048083249,Closed at OH-725/Exit 2 - Closed due to roadwork.,,I-675 S,R,Dayton,Montgomery,OH,45459,US,US/Eastern,KMGY,2019-05-04 06:53:00,56.0,56.0,87.0,28.92,3.0,NNW,7.0,0.0,Mostly Cloudy,False,False,False,False,False,False,False,False,False,False,False,False,False,Day,Day,Day,Day
C-1852103,2,2020-09-23 16:01:00.000000000,2020-09-23 22:46:00.000000000,33.909742,-117.852199,33.911127,-117.863754,0.669454268688,Lane closure due to Permit Work between Rose Dr and Kraemer Blvd,,Valencia Ave,R,Brea,Orange,CA,92823,US,US/Pacific,KCNO,2020-09-23 15:53:00,95.0,95.0,22.0,29.22,9.0,W,14.0,0.0,Smoke,False,False,False,False,False,False,False,False,False,False,False,True,False,Day,Day,Day,Day
C-1852104,2,2021-12-28 18:16:00.000000000,2021-12-28 20:19:38.000000000,25.942666,-80.204071,25.94164,-80.20523399999998,0.101225940463,Slow traffic on FL-7 - FL-860 - US-441 S from NE 183rd St / N Miami Ave to US-441 due to roadwork.,145.0,NW 183rd St,R,Miami,Miami-Dade,FL,33169-4509,US,US/Eastern,KHWO,2021-12-28 17:53:00,74.0,74.0,66.0,30.05,10.0,SE,6.0,0.0,Fair,False,False,False,False,False,False,False,False,True,False,False,False,False,Night,Night,Day,Day
C-1852105,2,2016-08-17 09:02:50.000000000,2016-08-17 15:02:50.000000000,39.46056,-76.82760999999998,39.46683,-76.8294,0.44361326712,At MD-140/Westminster Pike - Construction work.,,Goldsborough Way,R,Reisterstown,Baltimore County,MD,21136,US,US/Eastern,KDMW,2016-08-17 09:00:00,78.8,,20.0,30.13,10.0,West,5.8,,Scattered Clouds,False,False,True,False,False,False,False,False,False,False,False,True,False,Day,Day,Day,Day
C-1852106,2,2021-11-19 15:10:30.000000000,2021-11-19 15:35:30.000000000,37.104425,-107.635735,37.097263,-107.636654,0.497431792382,Stationary traffic on CO-172 from CO-151 (CO-172) to CO--NM State Border (CO-172) due to roadwork.,12434.0,State Highway 172,R,Ignacio,La Plata,CO,81137-9704,US,US/Mountain,KDRO,2021-11-19 14:53:00,53.0,53.0,22.0,23.57,10.0,SW,10.0,0.0,Fair,False,False,False,False,False,False,False,False,False,False,False,False,False,Day,Day,Day,Day
C-1852107,2,2021-11-29 14:05:30.000000000,2021-11-29 16:07:12.000000000,25.842987,-80.307828,25.84255,-80.306168,0.1075501489079999,Slow traffic on US-27 S - FL-25 from W 29th St to W 23rd St due to roadwork.,2296.0,W Okeechobee Rd,R,Hialeah,Miami-Dade,FL,33010,US,US/Eastern,KMIA,2021-11-29 13:53:00,73.0,73.0,41.0,29.99,10.0,NW,10.0,0.0,Fair,True,False,False,False,False,False,False,False,True,False,False,False,False,Day,Day,Day,Day
C-1852108,2,2021-06-22 18:16:15.000000000,2021-06-22 18:40:50.000000000,45.499988,-95.120489,45.500892,-95.122982,0.1359308156,Stationary traffic on MN-55 from US-71/Langdon Ave (MN-55) to CR-18/Central Ave (MN-55) due to roadwork.,48354.0,State Highway 55,R,Brooten,Stearns,MN,56316-9742,US,US/Central,KGHW,2021-06-22 18:18:00,75.0,75.0,27.0,28.36,10.0,SSE,6.0,0.0,Fair,False,False,False,False,False,False,False,False,False,False,False,False,False,Day,Day,Day,Day
C-1852109,2,2021-11-19 15:01:30.000000000,2021-11-19 17:06:48.000000000,33.465848,-112.09771299999998,33.466867,-112.099953,0.147059278295,Slow traffic from N 18th Ave to W Granada Rd due to roadwork.,1401.0,N 18th Ave,R,Phoenix,Maricopa,AZ,85007,US,US/Mountain,KPHX,2021-11-19 14:51:00,80.0,80.0,13.0,28.78,10.0,SE,5.0,0.0,Mostly Cloudy,True,False,True,False,False,False,False,False,True,True,False,False,False,Day,Day,Day,Day
C-1852110,2,2020-11-08 21:16:00.000000000,2020-11-09 01:46:30.000000000,36.816143,-85.443393,36.817335,-85.452145,0.491056766381,Stationary traffic on KY-90 from KY-61/N Main St (Glasgow Rd/KY-90) to KY-100/Mud Camp Rd (Glasgow Rd/KY-90) due to roadwork.,5518.0,Glasgow Rd,R,Burkesville,Cumberland,KY,42717-9712,US,US/Central,KEKQ,,,,,,,,,,,False,False,False,False,False,False,False,False,False,False,False,False,False,Night,Night,Night,Night
C-1852111,2,2021-11-05 14:37:31.000000000,2021-11-05 16:57:49.000000000,25.84491,-80.267624,25.845779,-80.26614599999998,0.109780094047,Slow traffic on FL-934 - FL-953 from E 7th Ave to E 26th St due to roadwork.,738.0,E 25th St,L,Hialeah,Miami-Dade,FL,33013-3817,US,US/Eastern,KOPF,2021-11-05 14:28:00,,,,29.9,2.0,NNE,7.0,0.05,Heavy Rain,False,False,False,False,False,False,False,False,True,False,False,False,False,Day,Day,Day,Day
C-1852112,2,2021-11-16 13:01:30.000000000,2021-11-16 15:13:26.000000000,33.495166,-112.015158,33.495682,-112.01299,0.129906202734,Stationary traffic from N 31st St to E Monterosa St due to roadwork.,3091.0,E Indian School Rd,R,Phoenix,Maricopa,AZ,85016-6805,US,US/Mountain,KPHX,2021-11-16 12:51:00,78.0,78.0,15.0,28.73,10.0,SSE,3.0,0.0,Mostly Cloudy,True,False,False,False,False,False,False,False,True,False,False,False,False,Day,Day,Day,Day
C-1852113,2,2020-06-29 13:00:00.000000000,2020-06-29 23:45:00.000000000,41.616693,-87.09236700000002,41.605643,-87.110987,1.22806275463,Construction on US-20 WB near VERPLANK RD Right lane closed. Expect delays.,1298.0,W US Highway 20,L,Chesterton,Porter,IN,46304-9409,US,US/Central,KVPZ,2020-06-29 12:56:00,86.0,86.0,65.0,29.11,10.0,SE,8.0,0.0,Partly Cloudy,False,False,False,False,False,False,False,False,False,False,False,False,False,Day,Day,Day,Day
C-1852114,2,2021-11-05 10:46:30.000000000,2021-12-01 09:13:45.000000000,33.426109999999994,-111.926356,33.421606,-111.92631000000002,0.311208067212,Slow traffic from E Rio Salado Pkwy/N Scottsdale Rd (S Rural Rd) to E Apache Blvd (S Rural Rd) due to roadwork.,366.0,S Rural Rd,R,Tempe,Maricopa,AZ,85281,US,US/Mountain,KPHX,2021-11-05 10:51:00,75.0,75.0,24.0,28.83,10.0,E,9.0,0.0,Fair,False,False,False,False,False,True,False,False,False,False,False,False,False,Day,Day,Day,Day
C-1852115,2,2021-11-16 14:43:00.000000000,2021-11-16 20:25:29.000000000,33.437182,-112.216573,33.437943,-112.221004,0.2608351903999999,Stationary traffic from S 71st Ave to W Sherman St due to roadwork.,7311.0,W Buckeye Rd,L,Phoenix,Maricopa,AZ,85043-4202,US,US/Mountain,KGEU,2021-11-16 14:58:00,78.0,78.0,16.0,28.72,10.0,CALM,0.0,0.0,Fair,False,False,False,False,False,False,False,False,True,False,False,False,False,Day,Day,Day,Day
C-1852116,2,2021-08-20 06:54:00.000000000,2021-08-20 08:16:30.000000000,37.644735,-122.093923,37.584625,-122.051032,4.77071867081,Slow traffic on Nimitz Fwy S - I-880 S from Winton Ave (I-880) to Alvarado Blvd/Fremont Blvd (I-880) due to roadwork.,,I-880 S,R,Hayward,Alameda,CA,94545,US,US/Pacific,KHWD,2021-08-20 06:54:00,61.0,61.0,90.0,29.79,5.0,CALM,0.0,0.0,Smoke,False,False,False,False,False,False,False,False,False,False,False,False,False,Day,Day,Day,Day
C-1852117,2,2021-08-06 16:36:24.000000000,2021-08-06 17:02:13.000000000,32.6957,-96.208251,32.699323,-96.212457,0.3499575898129999,Stationary traffic on FM-429 from FM-2728 (Terrell) (South) (FM-429) to US-80 (FM-429) due to roadwork.,17005.0,FM 429,R,Terrell,Kaufman,TX,75161-6728,US,US/Central,KTRL,2021-08-06 16:53:00,90.0,90.0,54.0,29.49,10.0,S,12.0,0.0,Fair,False,False,False,False,False,False,False,False,False,False,False,False,False,Day,Day,Day,Day
C-1852118,2,2017-04-26 07:05:03.000000000,2017-04-26 13:05:03.000000000,40.67461,-80.10176,40.81419,-80.32506,15.1539814685,Between US-19/Exit 3 and PA-18/Exit 13 - Roadwork.,,Pennsylvania Tpke W,R,Cranberry Township,Butler,PA,16066,US,US/Eastern,KBTP,2017-04-26 07:15:00,53.6,,94.0,29.78,10.0,ESE,3.5,,Overcast,False,False,False,False,False,False,False,False,False,False,False,False,False,Day,Day,Day,Day
C-1852119,2,2021-12-28 10:00:00.000000000,2021-12-29 23:59:59.000000000,40.669201,-73.524621,40.669322,-73.52408299999998,0.0294079628429,NYSDOT - Region 10: roadwork on NY 27 westbound between Bellmore Avenue (Hempstead) and Thomas Place (Hempstead) Tuesday December 28th 2021 thru Wednesday December 29th 2021 Tuesday/ Wednesday 10:00 AM thru 03:00 PM 1 lane closed,2774.0,Sunrise Hwy,R,Bellmore,Nassau,NY,11710-3639,US,US/Eastern,KFRG,2021-12-28 09:53:00,45.0,41.0,76.0,29.78,10.0,NW,7.0,0.0,Fair,False,False,False,False,False,False,False,False,False,False,False,True,False,Day,Day,Day,Day
C-1852120,2,2021-12-27 19:56:00.000000000,2021-12-27 20:29:00.000000000,31.192776,-105.433704,31.190552,-105.425953,0.4832089275789999,Stationary traffic on I-10 E from Lasca Branch Rd/Exit 99 (I-10) to I-10 Bus Loop/Exit 106 (WB)/Exit 105 (EB) (I-10) due to roadwork.,,I-10 E,R,Sierra Blanca,Hudspeth,TX,79851,US,US/Mountain,KGDP,,,,,,,,,,,False,False,False,False,False,False,False,False,False,False,False,False,False,Night,Night,Night,Night
C-1852121,4,2021-04-16 02:54:52.000000000,2021-04-23 23:59:00.000000000,33.81062,-84.389788,33.810237,-84.391143,0.0821665697361,Closed road from Peachtree Rd NE to Peachtree Rd NE / Manderson Way due to roadwork.,4050.0,Brookwood Valley Cir NE,R,Atlanta,Fulton,GA,30309-1454,US,US/Eastern,KFTY,2021-04-16 02:53:00,51.0,51.0,52.0,29.01,10.0,CALM,0.0,0.0,Fair,False,False,False,False,False,False,False,False,False,False,False,False,False,Night,Night,Night,Night
C-1852122,2,2021-10-21 13:04:56.000000000,2021-10-21 13:25:28.000000000,41.537701,-74.33599,41.536409,-74.329071,0.368805573843,Stationary traffic on NY-17K from NY-302 (NY-17K) to CR-47/Scotchtown Collabar Rd (NY-17K) due to roadwork.,1.0,Teplitz Ct,R,Montgomery,Orange,NY,12549-1853,US,US/Eastern,KMGJ,2021-10-21 12:54:00,70.0,70.0,51.0,29.55,10.0,WSW,12.0,0.0,Fair,False,False,False,False,False,False,False,False,False,False,False,False,False,Day,Day,Day,Day
C-1852123,2,2016-10-20 20:11:42.000000000,2016-10-21 06:00:00.000000000,41.22932,-73.18645,41.25466,-73.20111999999997,1.90952396307,Between CT-15/CT-127/Merritt Pky/Exit 7 and CT-739/Daniels Farm Rd - Construction work.,,CT-25 N,R,Trumbull,Fairfield,CT,06611,US,US/Eastern,KBDR,2016-10-20 19:52:00,64.9,,84.0,30.06,9.0,East,17.3,,Overcast,False,False,False,False,False,False,False,False,False,False,False,False,False,Night,Night,Night,Night
C-1852124,2,2021-06-24 08:15:23.000000000,2021-06-25 09:03:25.000000000,38.35585,-75.73803000000002,38.312385,-75.870979,7.80627344627,Construction on MD-349 WB near QUANTICO RD Expect long delays.,25298.0,Nanticoke Rd,R,Quantico,Wicomico,MD,21856,US,US/Eastern,KSBY,2021-06-24 07:54:00,66.0,66.0,70.0,30.28,10.0,NNE,5.0,0.0,Fair,False,False,False,False,False,False,False,False,False,False,False,False,False,Day,Day,Day,Day
C-1852125,3,2019-05-16 22:02:49.000000000,2019-05-20 22:02:23.000000000,28.55304000000001,-81.38311999999998,28.54386,-81.38289,0.63443118216,Between US-17-92/US-92/SR-50/W Colonial Dr and SR-526/W Washington St - Construction work.,,W Colonial Dr,R,Orlando,Orange,FL,32801,US,US/Eastern,KORL,2019-05-16 21:53:00,73.0,73.0,66.0,29.92,10.0,ESE,8.0,0.0,Fair,False,False,True,False,False,False,False,False,False,False,False,True,False,Night,Night,Night,Night
C-1852126,2,2020-09-30 02:34:30.000000000,2020-09-30 03:19:00.000000000,41.943353,-80.501035,41.936852,-80.520503,1.096751805,Slow traffic on I-90 from US-6N/Exit 3 (I-90) to PA--OH State Border (I-90) due to roadwork.,,Pond Rd,R,West Springfield,Erie,PA,16443,US,US/Eastern,KHZY,2020-09-30 02:53:00,53.0,53.0,89.0,28.71,10.0,WSW,10.0,0.0,Light Rain,False,False,False,False,False,False,False,False,False,False,False,False,False,Night,Night,Night,Night
C-1852127,2,2020-04-28 09:35:41.000000000,2020-04-29 15:00:00.000000000,38.95211,-76.88577,38.96305,-76.90069,1.10179465457,Between US-50/John Hanson Hwy and Riverdale Rd/Fernwood Ter - Roadwork. Left lane closed.,,Veterans Pkwy,R,Hyattsville,Prince George's,MD,20784,US,US/Eastern,KCGS,2020-04-28 09:43:00,50.0,50.0,67.0,30.15,10.0,CALM,0.0,0.0,Mostly Cloudy,False,False,False,False,False,False,False,False,False,False,False,False,False,Day,Day,Day,Day
C-1852128,2,2021-03-20 08:17:30.000000000,2021-03-20 19:01:10.000000000,32.802266,-96.626423,32.817688000000004,-96.628656,1.07341995765,Slow traffic on I-635 N - LBJ Fwy N from US-80/Exit 6 (I-635) to I-30/Exit 8 (I-635) due to roadwork.,,I-635 N,R,Mesquite,Dallas,TX,75150,US,US/Central,KHQZ,2021-03-20 07:50:00,43.0,40.0,87.0,29.86,7.0,ENE,5.0,0.0,Fair,False,False,False,False,False,False,False,False,False,False,False,False,False,Day,Day,Day,Day
C-1852129,2,2021-12-15 07:33:00.000000000,2021-12-15 08:24:08.000000000,35.740032,-78.66879300000002,35.743016,-78.680335,0.679322672402,Stationary traffic from US-70/US-401/NC-50/S Wilmington St (Tryon Rd) to Lake Wheeler Rd (Tryon Rd) due to roadwork.,2999.0,Crestline Ave,L,Raleigh,Wake,NC,27603-3112,US,US/Eastern,KRDU,2021-12-15 07:42:00,38.0,33.0,97.0,30.11,1.0,NNE,7.0,0.0,Fog,False,False,False,False,False,False,False,False,False,False,False,True,False,Day,Day,Day,Day
C-1852130,2,2020-09-17 13:00:00.000000000,2020-09-18 14:50:20.000000000,41.995069,-101.731355,41.99854600000001,-101.752028,1.08838254713,Construction on NE-2 WB near RAYMOND LAKE RD Construction. Expect long delays.,35169.0,E Highway 2,R,Hyannis,Grant,NE,69350,US,US/Mountain,KAIA,2020-09-17 12:53:00,74.0,74.0,38.0,26.12,5.0,CALM,0.0,0.0,Fair,False,False,True,False,False,False,False,False,False,False,False,False,False,Day,Day,Day,Day
C-1852131,2,2021-06-16 17:42:30.000000000,2021-12-31 09:34:43.000000000,33.480455,-112.155563,33.481896,-112.151659,0.246027944382,Slow traffic from N 44th Ln to W Pinchot Ave due to roadwork.,4433.0,W Thomas Rd,L,Phoenix,Maricopa,AZ,85031-3727,US,US/Mountain,KGEU,2021-10-28 07:58:00,53.0,53.0,46.0,28.91,10.0,NNE,3.0,0.0,Fair,False,False,True,False,False,False,False,False,True,True,False,False,False,Day,Day,Day,Day
C-1852132,2,2020-10-08 14:13:30.000000000,2020-10-09 01:18:17.000000000,41.177736,-85.163913,41.176611,-85.166089,0.137287392794,Stationary traffic on IN-3 from Radbourne Dr / Dupont Road Access to Northbrook Blvd due to roadwork.,1524.0,W Dupont Rd,R,Fort Wayne,Allen,IN,46825-1016,US,US/Eastern,KGWB,2020-10-08 14:15:00,70.0,70.0,38.0,29.21,10.0,W,5.0,0.0,Fair,False,False,False,False,False,False,False,False,False,False,False,False,False,Day,Day,Day,Day
C-1852133,2,2021-04-13 05:25:30.000000000,2021-04-13 07:33:45.000000000,40.558237,-75.99939599999998,40.555481,-76.002252,0.242358454673,Slow traffic on PA-61 at I-78 W due to roadwork.,,State Route 61,R,Hamburg,Berks,PA,19526,US,US/Eastern,KRDG,2021-04-13 05:23:00,48.0,44.0,86.0,29.61,10.0,NNE,8.0,0.0,Cloudy,False,False,False,False,False,False,False,False,False,False,False,False,False,Night,Night,Night,Day
C-1852135,2,2021-04-08 06:45:30.000000000,2021-04-08 14:24:22.000000000,41.484149,-72.90581999999998,41.489385,-72.904732,0.366129742374,Stationary traffic on CT-10 from CT-42/N Brooksvale Rd (S Main St/CT-10) to CT-70/CT-68/Academy Rd (Highland Ave/CT-10) due to roadwork.,742.0,S Main St,R,Cheshire,New Haven,CT,06410-3472,US,US/Eastern,KMMK,2021-04-08 06:53:00,41.0,41.0,89.0,30.02,10.0,CALM,0.0,0.0,Cloudy,False,False,False,False,False,False,False,False,False,False,False,False,False,Day,Day,Day,Day
C-1852136,2,2019-10-30 06:00:00.000000000,2019-10-30 22:00:00.000000000,35.070060999999995,-106.65313700000002,,,0.8399999737739999,Intermittent lane closures due to construction work on 3rd St both ways between Cromwell Ave and NM-314 Avenida Cesar Chavez.,299.0,Bridge Blvd SW,L,Albuquerque,Bernalillo,NM,87102,US,US/Mountain,KABQ,2019-10-30 05:52:00,32.0,24.0,50.0,24.7,10.0,NNW,10.0,0.0,Fair,False,False,False,False,False,False,False,False,False,False,False,True,False,Night,Night,Night,Day
C-1852137,3,2019-01-24 16:31:06.000000000,2019-01-28 16:30:43.000000000,41.79516,-88.36793,41.79508,-88.374,0.312723101714,At Orchard Rd - Roadwork.,,I-88 W,R,North Aurora,Kane,IL,60542,US,US/Central,KDPA,2019-01-24 16:41:00,18.0,1.3,78.0,29.92,0.8,West,20.7,0.0,Light Snow,False,False,False,False,True,False,False,False,False,False,False,False,False,Day,Day,Day,Day
C-1852138,4,2019-03-18 11:21:55.000000000,2019-03-29 12:00:00.000000000,38.67195,-83.75063,38.677286,-83.72428599999998,1.4680887881400002,Closed at CR-20/Roush Hill Rd - Closed due to roadwork.,8943.0,Market St,R,Aberdeen,Brown,OH,45101,US,US/Eastern,KI69,2019-03-18 12:35:00,41.4,35.7,45.0,30.39,10.0,NNW,9.2,,Scattered Clouds,False,False,False,False,False,False,False,False,False,False,False,False,False,Day,Day,Day,Day
C-1852139,4,2018-10-23 10:36:45.000000000,2018-10-23 15:36:29.000000000,41.46525,-87.02339,41.498109,-87.022518,2.27078931535,Closed between US-30 and County Road 500 N - Closed due to roadwork.,,IN-2,R,Valparaiso,Porter,IN,46383,US,US/Central,KVPZ,2018-10-23 10:56:00,52.0,,57.0,30.27,10.0,North,11.5,,Overcast,False,False,False,False,False,False,False,False,False,False,False,False,False,Day,Day,Day,Day
C-1852140,2,2021-12-02 08:38:30.000000000,2021-12-02 09:05:30.000000000,29.718731,-95.42768,29.725296000000004,-95.427732,0.453609030688,Slow traffic from W Holcombe Blvd (Buffalo Speedway) to Bissonnet St (Buffalo Speedway) due to roadwork.,3199.0,Lafayette St,L,Houston,Harris,TX,77005-3043,US,US/Central,KMCJ,2021-12-02 08:53:00,66.0,66.0,87.0,30.15,10.0,CALM,0.0,0.0,Mostly Cloudy,False,False,False,False,False,False,False,False,False,True,False,True,False,Day,Day,Day,Day
C-1852141,4,2019-12-05 22:30:04.000000000,2019-12-06 03:29:44.000000000,33.77453,-118.0795,33.77493,-118.08296,0.200629157085,Closed at I-405 - Closed due to roadwork.,,CA-22 W,R,Seal Beach,Orange,CA,90740,US,US/Pacific,KSLI,2019-12-05 22:56:00,54.0,54.0,100.0,30.06,9.0,CALM,0.0,0.0,Fair,False,False,False,False,False,False,False,False,False,False,False,False,False,Night,Night,Night,Night
C-1852142,2,2020-10-30 16:30:00.000000000,2020-11-07 00:45:00.000000000,33.655198,-111.925241,33.655203,-111.925444,0.0116801501614,Construction on E MAYO BLVD near N SCOTTSDALE RD Allow extra time.,,E Mayo Blvd,R,Scottsdale,Maricopa,AZ,85255,US,US/Mountain,KSDL,2020-10-30 16:53:00,85.0,85.0,13.0,28.28,10.0,SSW,5.0,0.0,Fair,False,False,False,False,False,False,False,False,False,False,False,True,False,Day,Day,Day,Day
C-1852143,2,2021-05-14 22:00:00.000000000,2021-05-15 10:45:00.000000000,33.46252,-112.209323,33.46265,-112.196133,0.760336705641,Construction on I-10 EB near 67TH AVE Right lane closed. Expect delays.,,I-10 E,R,Phoenix,Maricopa,AZ,85043,US,US/Mountain,KGEU,2021-05-14 21:58:00,90.0,90.0,18.0,28.59,10.0,SW,12.0,0.0,Fair,False,False,False,False,True,False,False,False,False,False,False,False,False,Night,Night,Night,Night
C-1852144,2,2021-05-28 16:24:38.000000000,2021-05-28 17:47:32.000000000,40.719855,-98.77377,40.722601,-98.740928,1.73021846085,Slow traffic on I-80 E from NE-10C/Exit 285 (I-80) to NE-10D/Exit 291 (I-80) due to roadwork.,,I-80 E,R,Shelton,Buffalo,NE,68876,US,US/Central,KEAR,2021-05-28 16:14:00,57.0,57.0,63.0,27.91,10.0,E,6.0,0.0,Partly Cloudy,False,False,True,False,False,False,True,False,False,False,False,False,False,Day,Day,Day,Day
C-1852145,2,2020-07-01 20:50:00.000000000,2020-07-01 23:45:00.000000000,38.790847,-77.631636,38.791127,-77.630376,0.0705599377845,Construction on US-29 NB near BALTUSROL BLVD Construction. Right lane closed.,,Lee Hwy,R,Gainesville,Prince William,VA,20155,US,US/Eastern,KHEF,2020-07-01 20:56:00,78.0,78.0,76.0,29.66,10.0,SSE,5.0,0.0,Cloudy,False,False,True,False,False,False,False,False,False,False,False,True,False,Night,Day,Day,Day
C-1852146,3,2021-09-15 20:00:00.000000000,2021-09-16 06:00:00.000000000,39.772961,-84.072548,,,0.699999988079,Exit ramp from I-675 Southbound at Exit 16 to Grange Hall Rd Northbound closed due to paving repairs.,,I-675 S,R,Dayton,Greene,OH,45431,US,US/Eastern,KFFO,2021-09-15 19:56:00,70.0,70.0,71.0,29.13,10.0,N,3.0,0.0,Fair,False,False,False,False,False,False,False,False,False,False,False,False,False,Night,Day,Day,Day
C-1852147,2,2019-08-02 09:16:25.000000000,2019-08-07 09:08:39.000000000,39.990745,-75.556077,39.991099,-75.556477,0.0323511312220999,At US-202 - Roadwork. Open.,1437.0,E Boot Rd,L,West Chester,Chester,PA,19380-5961,US,US/Eastern,KOQN,2019-08-02 09:15:00,70.0,70.0,100.0,29.45,0.0,CALM,0.0,0.0,Fog,False,False,False,False,False,False,False,False,False,False,False,False,False,Day,Day,Day,Day
C-1852148,2,2021-11-06 14:06:00.000000000,2021-11-06 17:02:23.000000000,25.843537,-80.30858,25.841275,-80.306562,0.200432853523,Slow traffic on US-27 S - FL-25 from W 29th St to NW South River Dr due to roadwork.,2398.0,W Okeechobee Rd,R,Hialeah,Miami-Dade,FL,33010,US,US/Eastern,KMIA,2021-11-06 13:53:00,75.0,75.0,62.0,29.9,10.0,WNW,15.0,0.0,Fair,False,False,False,False,False,False,False,False,False,False,False,True,False,Day,Day,Day,Day
C-1852149,2,2020-07-06 14:00:00.000000000,2020-11-01 21:52:48.000000000,40.158247,-99.489209,40.133644,-99.465456,2.11270089507,Construction on US-136 EB near E ST Construction. Expect long delays.,,US-136 E,R,Orleans,Harlan,NE,68966,US,US/Central,KHDE,2020-07-06 13:55:00,87.0,87.0,45.0,27.59,10.0,SSE,5.0,0.0,Fair,False,False,False,False,False,False,False,False,False,False,False,False,False,Day,Day,Day,Day
C-1852150,2,2021-03-22 20:28:00.000000000,2021-03-23 02:39:37.000000000,40.380315,-76.660714,40.355978,-76.716442,3.38138911648,Roadwork on I-81 southbound between .2 miles south of Exit 80: PA 743 - GRANTVILLE/HERSHEY and 0 miles south of Exit : PA 39 - MANADA HILL/HERSHEY. There is a lane restriction.,,I-81 S,R,Grantville,Dauphin,PA,17028,US,US/Eastern,KMUI,2021-03-22 20:56:00,54.0,54.0,26.0,29.73,10.0,CALM,0.0,0.0,Fair,False,False,False,False,False,False,False,False,False,False,False,False,False,Night,Night,Night,Day
C-1852151,2,2021-07-22 03:02:56.000000000,2021-07-22 05:59:00.000000000,34.113094,-118.334808,,,6.099999904630001,One lane closed due to electricity work on US-101 Southbound from CA-134 to Highland Ave.,2432.0,N Cahuenga Blvd,R,Los Angeles,Los Angeles,CA,90068,US,US/Pacific,KBUR,2021-07-22 02:53:00,72.0,72.0,57.0,29.05,10.0,ESE,6.0,0.0,Fair,False,False,False,False,False,False,False,False,False,False,False,False,False,Night,Night,Night,Night
C-1852152,2,2019-08-29 04:11:46.000000000,2019-08-30 23:59:00.000000000,44.02404,-88.53256999999998,,,0.0,Restrictions due to construction on Grand St between Oxford Ave and Dale Ave.,665.0,Grand St,L,Oshkosh,Winnebago,WI,54901-4576,US,US/Central,KOSH,2019-08-29 03:53:00,52.0,52.0,86.0,29.04,10.0,SSW,6.0,0.0,Fair,False,False,False,False,False,False,False,False,False,False,False,False,False,Night,Night,Night,Night
C-1852153,2,2021-09-09 11:10:00.000000000,2021-09-09 11:30:30.000000000,25.92750400000001,-80.208162,25.927907,-80.203014,0.321100740682,Slow traffic on FL-826 - FL-826 E - FL-91 S - Florida's Tpke S from FL-7/Florida's Tpke (FL-826) to FL-915/6th Ave (FL-826) due to roadwork.,,Florida's Tpke S,R,Miami,Miami-Dade,FL,33169,US,US/Eastern,KHWO,2021-09-09 10:53:00,87.0,87.0,67.0,30.0,10.0,SW,8.0,0.0,Fair,False,False,False,False,True,False,False,False,False,False,False,False,False,Day,Day,Day,Day
C-1852154,3,2018-06-20 18:31:46.000000000,2018-06-21 01:02:30.000000000,41.72563,-88.03430999999998,41.84191,-88.02908000000002,8.038700029389997,Between Boughton Rd and I-88/IL-56/Butterfield Rd - Roadwork.,,Veterans Memorial Tollway N,R,Bolingbrook,Will,IL,60440,US,US/Central,KLOT,2018-06-20 18:35:00,72.5,,76.0,29.84,10.0,NE,9.2,,Mostly Cloudy,False,False,False,False,True,False,False,False,False,False,False,False,False,Day,Day,Day,Day
C-1852155,2,2021-10-17 16:11:00.000000000,2021-10-17 16:31:00.000000000,45.228922,-85.353185,45.224337,-85.351535,0.326810460815,Stationary traffic on US-31 S - US-31 N from Witmere Rd (US-31) to CR-48/Atwood Rd (US-31) due to roadwork.,1898.0,US Highway 31 S,R,Charlevoix,Charlevoix,MI,49720-9800,US,US/Eastern,KCVX,2021-10-17 16:15:00,59.0,59.0,49.0,29.23,10.0,WNW,20.0,0.0,Mostly Cloudy,False,False,False,False,False,False,False,False,False,False,False,False,False,Day,Day,Day,Day
C-1852156,2,2021-11-02 18:45:00.000000000,2021-11-02 19:20:30.000000000,40.762477,-73.962964,40.7593,-73.965284,0.25085100348,Slow traffic from 62nd St (2nd Ave) to 57th St (2nd Ave) due to roadwork.,282.0,E 62nd St,R,New York,New York,NY,10065-8201,US,US/Eastern,KNYC,2021-11-02 18:51:00,49.0,47.0,69.0,30.07,10.0,W,6.0,0.0,Cloudy,True,False,True,False,False,False,False,False,False,False,False,True,False,Night,Night,Day,Day
C-1852157,2,2021-09-24 17:12:30.000000000,2021-09-24 19:42:52.000000000,41.92922100000001,-87.850053,41.93027100000001,-87.846378,0.202358110944,Stationary traffic from West St to Cherry Ave due to roadwork.,8959.0,Grand Ave,R,River Grove,Cook,IL,60171-1339,US,US/Central,KORD,2021-09-24 16:51:00,78.0,78.0,32.0,29.1,10.0,SSW,22.0,0.0,Mostly Cloudy / Windy,False,False,True,False,False,False,False,False,False,False,False,False,False,Day,Day,Day,Day
C-1852158,2,2018-04-05 22:14:06.000000000,2018-04-06 05:01:44.000000000,40.72426,-74.01145,40.70626,-74.01625,1.26883171301,Between Watts St and South St - Construction work.,,West St,R,New York,New York,NY,10013,US,US/Eastern,KJRB,2018-04-05 21:56:00,41.0,34.7,40.0,,10.0,West,10.4,,,True,False,True,False,False,False,False,False,False,False,False,True,False,Night,Night,Night,Night
C-1852159,2,2021-05-17 05:30:00.000000000,2021-05-17 06:54:30.000000000,28.324481,-82.516971,28.321477,-82.502473,0.905896012563,Slow traffic on FL-52 from FL-589/Suncoast Pkwy (FL-52) to US-41/FL-45/Land O Lakes Blvd (FL-52) due to roadwork.,11400.0,Scruggs Rd,R,Land O Lakes,Pasco,FL,34638-6916,US,US/Eastern,KBKV,2021-05-17 05:53:00,62.0,62.0,84.0,30.07,10.0,NE,3.0,0.0,Fair,False,False,False,False,False,False,False,False,False,False,False,False,False,Night,Night,Night,Day
C-1852160,2,2020-11-16 17:00:00.000000000,2020-11-21 07:59:00.000000000,41.354953,-73.973618,41.351313,-73.97389799999998,0.251918972694,Roadwork on US 9W both directions between Exit - NY 218; Fort Montgomery (Highlands) and Mountain Road (Highlands) D264163 Monday November 16th 2020 thru Friday November 20th 2020 Monday thru Friday 09:00 AM thru 03:00 PM right lane closures,1405.0,Route 9W,L,Highland Falls,Orange,NY,10928-4101,US,US/Eastern,KSWF,2020-11-16 16:45:00,43.0,38.0,53.0,29.41,10.0,WNW,8.0,0.0,Fair,False,False,False,False,False,False,False,False,False,False,False,False,False,Night,Day,Day,Day
C-1852161,2,2020-12-17 20:14:00.000000000,2020-12-17 22:20:35.000000000,34.416872,-119.585977,34.415752000000005,-119.579047,0.402510493496,101 S/ NO PADARO. IN CONSTRUCTION ZONE - PIPE COMING OUT OF GROUND FROM CONSTRUCTION ZONE AND STICKING OUT IN FAST LANE,,US-101 S,R,Summerland,Santa Barbara,CA,93067,US,US/Pacific,KSBA,2020-12-17 19:53:00,55.0,55.0,57.0,29.98,10.0,N,9.0,0.0,Fair,False,False,False,False,True,False,False,False,False,False,False,False,False,Night,Night,Night,Night
C-1852162,2,2021-03-30 09:00:00.000000000,2021-03-30 17:45:00.000000000,38.72877,-75.137102,38.731747,-75.133849,0.270280491732,Construction on DE-24 EB near MULBERRY KNOLL Drive with caution.,18899.0,John J Williams Hwy,R,Rehoboth Beach,Sussex,DE,19971,US,US/Eastern,KGED,2021-03-30 08:54:00,51.0,51.0,63.0,30.36,10.0,S,7.0,0.0,Fair,False,False,False,False,False,False,False,False,False,False,False,True,False,Day,Day,Day,Day
C-1852163,2,2020-12-28 08:00:00.000000000,2021-01-01 00:00:00.000000000,39.306539,-76.952694,39.310819,-76.951944,0.298425649906,Guardrail upgrades and repairs. HOWARD COUNTY: I-70 EAST/WEST BETWEEN (MD - 32) - SYKESVILLE RD (I - 70) AND (CO - 1312) - ROGERS AVE (I - 70),,Sykesville Rd,R,West Friendship,Howard,MD,21794,US,US/Eastern,KGAI,2020-12-28 07:56:00,39.0,36.0,57.0,29.56,10.0,S,5.0,0.0,Fair,False,False,True,False,False,False,False,False,False,False,False,True,False,Day,Day,Day,Day
C-1852164,2,2021-05-10 10:16:07.000000000,2021-09-30 01:00:30.000000000,39.616967,-76.543802,39.620275,-76.547382,0.29756530593,Construction on MD-23 WB near MADONNA RD Expect long delays.,4319.0,Norrisville Rd,R,White Hall,Harford,MD,21161-9306,US,US/Eastern,KDMW,2021-05-10 09:55:00,52.0,52.0,67.0,29.12,10.0,NNW,10.0,0.0,Partly Cloudy,False,False,False,False,False,False,False,False,False,False,False,False,False,Day,Day,Day,Day
C-1852165,2,2021-06-25 11:27:37.000000000,2021-06-25 12:22:33.000000000,40.82432100000001,-75.70714100000002,40.823967,-75.720722,0.710494856985,Stationary traffic on PA-443 from Forge and Allen St / Bankway St to Bridge St due to roadwork.,57.0,Blakeslee Boulevard Dr E,R,Lehighton,Carbon,PA,18235-9053,US,US/Eastern,KABE,2021-06-25 11:51:00,74.0,74.0,45.0,29.88,10.0,SSW,5.0,0.0,Fair,False,False,False,False,False,False,False,False,False,False,False,False,False,Day,Day,Day,Day
C-1852166,3,2018-07-23 10:00:00.000000000,2018-07-23 14:00:00.000000000,40.71035,-73.82103000000002,,,4.57000017166,One lane closed due to construction work on I-678 Van Wyck Expy both ways from 72nd St to Hoover Avenue.,,Van Wyck Expy S,R,Jamaica,Queens,NY,11435,US,US/Eastern,KJFK,2018-07-23 09:51:00,73.9,,100.0,30.12,10.0,SE,15.0,0.03,Mostly Cloudy,False,False,False,False,False,False,False,False,False,False,False,False,False,Day,Day,Day,Day
C-1852167,2,2021-11-17 13:58:30.000000000,2021-11-17 14:20:02.000000000,30.315993,-90.974056,30.320432,-90.974045,0.3067063911,Stationary traffic on LA-73 - LA-42 from Willow Lake Dr to N Lake Dr due to roadwork.,17108.0,Old Jefferson Hwy,R,Prairieville,Ascension,LA,70769-4139,US,US/Central,KL38,2021-11-17 13:53:00,73.0,73.0,76.0,30.02,10.0,SSE,21.0,0.0,Light Rain / Windy,False,False,False,False,False,False,False,False,False,False,False,False,False,Day,Day,Day,Day
C-1852168,2,2020-10-09 20:01:00.000000000,2020-10-09 20:39:01.000000000,25.945715,-97.424228,25.943791,-97.427496,0.242687868614,Stationary traffic on TX-48 from FM-511/N Indiana Ave (Brownsville Port Isabel Hwy/TX-48) to FM-802 (E 14th St/TX-48) due to roadwork.,7598.0,Padre Island Hwy,R,Brownsville,Cameron,TX,78521-3450,US,US/Central,KBRO,2020-10-09 19:53:00,81.0,81.0,82.0,29.76,10.0,SE,6.0,0.0,Fair,False,False,False,False,False,False,False,False,False,False,False,True,False,Night,Night,Night,Day
C-1852169,4,2021-09-02 06:56:20.000000000,2021-09-02 14:55:01.000000000,29.701283,-89.987567,29.702525,-89.988265,0.0954928943647,LA-23 is closed from Ravenna Rd (LA-23) to LA-11 (LA-23) due to roadwork.,14765.0,Highway 23,R,Belle Chasse,Plaquemines,LA,70037-4013,US,US/Central,KNBG,2021-09-02 06:55:00,75.0,75.0,100.0,29.92,6.0,VAR,5.0,0.0,Mostly Cloudy,False,False,False,False,False,False,False,False,False,False,False,False,False,Day,Day,Day,Day
C-1852170,3,2020-04-22 06:00:00.000000000,2020-04-22 19:00:00.000000000,31.103741,-83.79454799999998,,,1.61000001431,Road blocked due to construction on GA-35 Southbound from GA-33 to Gene Mcqueen Rd.,602.0,US Highway 319 S,L,Moultrie,Colquitt,GA,31768-0589,US,US/Eastern,KMUL,2020-04-22 05:55:00,54.0,54.0,94.0,29.72,10.0,CALM,0.0,0.0,Fair,False,False,False,False,False,False,False,False,False,False,False,True,False,Night,Night,Night,Day
C-1852171,2,2021-05-27 17:58:13.000000000,2021-05-29 01:50:17.000000000,44.198866,-93.691662,44.203142,-93.715229,1.20414999292,Roadwork on CR-11/1st St (MN-60) from Main St (MN-60) to MN-60.,1133.0,State Highway 60,L,Elysian,Le Sueur,MN,56028-4506,US,US/Central,KACQ,2021-05-27 17:55:00,45.0,38.0,93.0,28.89,2.0,ENE,13.0,0.0,Light Rain,False,False,True,False,False,False,False,False,False,False,False,False,False,Day,Day,Day,Day
C-1852172,2,2021-03-03 18:40:30.000000000,2021-12-31 12:17:55.000000000,33.49436,-112.151674,33.494927000000004,-112.152262,0.0517941354318,Slow traffic from Indianola Ave to N 44th Ave due to roadwork.,4067.0,N 43rd Ave,R,Phoenix,Maricopa,AZ,85019,US,US/Mountain,KGEU,2021-07-30 13:58:00,98.0,98.0,31.0,28.74,10.0,SSE,8.0,0.0,Fair,False,False,False,False,False,False,False,False,True,False,False,False,False,Night,Day,Day,Day
C-1852173,2,2021-10-12 07:00:00.000000000,2021-10-12 17:00:00.000000000,39.652828,-105.025294,39.651514,-105.025312,0.0907938028016,Roadwork on W Dartmouth Ave (Federal Blvd/US-287) from US-285 (CO-88/S Federal Blvd/US-287) to CO-88.,3501.0,S Federal Blvd,R,Englewood,Arapahoe,CO,80110,US,US/Mountain,KAPA,2021-10-12 06:53:00,38.0,33.0,76.0,23.9,10.0,WSW,6.0,0.0,Mostly Cloudy,False,False,False,True,False,False,False,False,False,False,False,True,False,Night,Day,Day,Day
C-1852174,4,2020-06-04 12:02:19.000000000,2020-06-04 14:02:19.000000000,30.43872,-84.29613,30.43872,-84.29811,0.11794934666,Closed at Stadium Dr E/W Jefferson St - Closed due to roadwork. Broken down vehicle.,315.0,Lorene St,L,Tallahassee,Leon,FL,32304-8025,US,US/Eastern,KTLH,2020-06-04 11:53:00,84.0,84.0,49.0,29.91,10.0,SE,7.0,0.0,Mostly Cloudy,False,False,True,False,False,False,False,False,False,False,False,True,False,Day,Day,Day,Day
C-1852175,4,2021-10-22 20:00:00.000000000,2021-10-25 07:00:00.000000000,41.678395,-83.587642,41.68182,-83.595761,0.481183270098,Construction on I-475 WB near PROMEDICA PKY Use alternate exit ramp.,,I-475 W,R,Toledo,Lucas,OH,43613,US,US/Eastern,KDUH,2021-10-22 19:55:00,44.0,44.0,87.0,29.3,7.0,CALM,0.0,0.0,Fair,False,False,False,False,False,False,False,False,False,False,False,False,False,Night,Night,Night,Day
C-1852176,2,2021-10-19 16:06:07.000000000,2021-10-19 16:36:35.000000000,30.082517,-90.952951,30.079791,-90.962762,0.616074290962,Stationary traffic on LA-70 from LA-3120 (LA-70) to LA-3127 (LA-70) due to roadwork.,39096.0,Highway 3089,L,Donaldsonville,Ascension,LA,70346-8627,US,US/Central,KL38,2021-10-19 15:53:00,80.0,80.0,52.0,30.01,10.0,E,5.0,0.0,Fair,False,False,True,False,False,False,True,False,False,False,False,False,False,Day,Day,Day,Day
C-1852177,2,2019-10-02 09:02:40.000000000,2019-10-09 18:01:04.000000000,41.91882,-72.2633,41.96146,-72.1935,4.64207217638,Between Ruby Rd/Exit 71 and CT-89/Exit 72 - Construction work.,,I-84 E,R,Willington,Tolland,CT,06279,US,US/Eastern,KIJD,2019-10-02 08:52:00,74.0,74.0,82.0,29.56,10.0,WSW,6.0,0.0,Fair,False,False,False,False,False,False,False,False,False,False,False,False,False,Day,Day,Day,Day
C-1852178,2,2021-03-09 08:22:00.000000000,2021-03-09 09:29:00.000000000,38.889894,-77.21919,38.884708,-77.225479,0.492738464634,Slow traffic from exit [49] to I-66 W due to roadwork.,,Capital Beltway S,R,Dunn Loring,Fairfax County,VA,22027,US,US/Eastern,KDCA,2021-03-09 08:52:00,45.0,40.0,53.0,30.43,10.0,S,9.0,0.0,Partly Cloudy,False,False,False,False,False,False,False,False,False,False,False,False,False,Day,Day,Day,Day
C-1852179,2,2021-12-12 10:40:30.000000000,2021-12-12 11:01:00.000000000,45.114589,-121.57336399999998,45.140115,-121.625334,3.08687077714,Slow traffic on US-26 E - US-26 W from BIA 2 Rd (US-26) to Cedar Burn Rd/NFD-43 (US-26) due to roadwork.,,Warm Springs Hwy,R,Maupin,Wasco,OR,97037,US,US/Pacific,KDLS,2021-12-12 10:53:00,46.0,43.0,71.0,29.49,10.0,NNW,6.0,0.0,Fair,False,False,False,False,False,False,False,False,False,False,False,False,False,Day,Day,Day,Day
C-1852180,2,2018-09-13 07:00:00.000000000,2018-09-21 17:00:00.000000000,39.662781,-82.228932,39.6679,-82.22431,0.4307306693559999,At Marietta Road - Roadwork.,3884.0,State Route 93 SE,R,New Lexington,Perry,OH,43764,US,US/Eastern,KZZV,2018-09-13 06:53:00,66.0,,93.0,30.16,0.8,Calm,,,Mist,False,False,False,False,False,False,False,False,False,False,False,False,False,Night,Day,Day,Day
C-1852181,2,2019-08-15 00:00:01.000000000,2019-08-16 00:00:01.000000000,37.98228,-103.674626,37.98231,-103.683694,0.49384309361,At CO-71/CR-19.5 - Construction work.,22000.0,State Highway 10,R,La Junta,Otero,CO,81050-9767,US,US/Mountain,KLHX,2019-08-15 00:53:00,69.0,69.0,63.0,25.88,10.0,SE,17.0,0.0,Fair,False,False,False,False,False,False,False,False,False,False,False,False,False,Night,Night,Night,Night
C-1852182,2,2021-04-07 04:30:00.000000000,2021-04-07 16:03:34.000000000,25.858899,-80.122164,25.855498,-80.122309,0.23515960167,Slow traffic on FL-A1A from FL-922/96th St/Kane Concourse (FL-A1A) to FL-907/63rd St (FL-A1A) due to roadwork.,7316.0,Harding Ave,L,Miami Beach,Miami-Dade,FL,33141-2716,US,US/Eastern,KOPF,2021-04-07 04:53:00,60.0,60.0,80.0,30.05,10.0,CALM,0.0,0.0,Fair,False,False,False,False,False,False,False,False,False,False,False,False,False,Night,Night,Night,Night
C-1852183,2,2021-02-16 12:52:15.000000000,2021-02-16 19:08:41.000000000,32.697876,-95.270165,32.684186,-95.254865,1.2985482765,Roadwork on County Road 3860 from County Road 3824 to FM-14.,3598.0,County Road 3860,R,Hawkins,Wood,TX,75765-5505,US,US/Central,KJXI,2021-02-16 12:55:00,18.0,18.0,48.0,29.87,10.0,CALM,0.0,0.0,Fair,False,False,False,False,False,False,False,False,False,True,False,False,False,Day,Day,Day,Day
C-1852184,1,2020-03-23 10:26:12.000000000,2020-03-23 15:00:00.000000000,39.01339,-77.04446999999998,39.01339,-77.04446999999998,0.0,At MD-97/Georgia Ave/Exit 31 - Roadwork. Right lane closed.,,Capital Beltway E,R,Silver Spring,Montgomery,MD,20910,US,US/Eastern,KCGS,2020-03-23 10:25:00,40.0,36.0,94.0,30.25,2.0,N,5.0,0.0,Cloudy,False,False,False,False,False,False,False,False,False,False,False,False,False,Day,Day,Day,Day
C-1852185,2,2020-06-28 16:07:32.000000000,2020-06-29 16:07:32.000000000,40.72031,-112.23071000000002,40.72409,-111.94368,15.032482714,Between I-80/Dwight D Eisenhower Hwy and UT-68/Redwood Road/Exit 16 - Major roadwork.,,I-80 E,R,Tooele,Tooele,UT,84074,US,US/Mountain,KT62,2020-06-28 16:03:00,88.0,88.0,22.0,24.93,9.0,SSW,35.0,0.0,Cloudy / Windy,False,False,False,False,True,False,False,False,False,False,False,False,False,Day,Day,Day,Day
C-1852186,2,2016-09-07 20:01:10.000000000,2016-09-08 02:01:10.000000000,29.99084,-90.07055,29.99572,-90.11287,2.55480623198,Between Paris Ave/Exit 2 and Canal Blvd/Exit 1 - Construction work.,2100.0,Gentilly Blvd,R,New Orleans,Orleans,LA,70122,US,US/Central,KNEW,2016-09-07 19:53:00,82.9,,63.0,30.09,10.0,SE,9.2,,Clear,True,False,False,False,False,False,False,False,False,False,False,False,False,Night,Night,Day,Day
C-1852187,2,2021-08-02 15:12:07.000000000,2021-08-02 15:37:16.000000000,41.708499,-74.62994,41.706101,-74.634238,0.276771315662,Stationary traffic on NY-42 from CR-52/CR-53/Old Falls Rd (NY-42) to CR-161/Heiden Rd (Main St/NY-42) due to roadwork.,2.0,Railroad Plaza Ext,R,South Fallsburg,Sullivan,NY,12779-5723,US,US/Eastern,KMSV,2021-08-02 14:56:00,70.0,70.0,49.0,28.54,10.0,NNW,12.0,0.0,Mostly Cloudy,False,False,False,False,False,False,False,False,False,False,False,True,False,Day,Day,Day,Day
C-1852188,2,2020-08-05 14:00:00.000000000,2020-08-05 23:45:00.000000000,38.891027,-122.605516,38.910297,-122.614207,1.41106260834,Lane closure due to Highway Construction between Spruce Grove Rd North and Route 53 North Lower Lake,11320.0,Highway 29,L,Lower Lake,Lake,CA,95457-9537,US,US/Pacific,KSTS,2020-08-05 13:53:00,80.0,80.0,45.0,29.72,10.0,SSW,8.0,0.0,Fair,False,False,False,False,False,False,False,False,False,False,False,False,False,Day,Day,Day,Day
C-1852189,2,2021-12-07 10:45:00.000000000,2021-12-07 11:07:00.000000000,31.919649,-104.417248,31.911739,-104.381478,2.16787343763,Slow traffic on RM-652 from Pipeline Rd to Van Horn Rural due to roadwork.,,Pipeline Rd,R,Salt Flat,Culberson,TX,79847,US,US/Mountain,KGDP,2021-12-07 10:51:00,56.0,56.0,28.0,24.6,8.0,WSW,30.0,0.0,Fair / Windy,False,False,False,False,False,False,False,False,False,False,False,False,False,Day,Day,Day,Day
C-1852190,4,2020-06-01 21:02:17.000000000,2020-06-02 02:00:43.000000000,32.86677,-117.21345,32.86983,-117.214,0.213821567863,Closed at La Jolla Village Dr - Closed due to roadwork.,8393.0,Genesee Ave,R,San Diego,San Diego,CA,92122,US,US/Pacific,KNKX,2020-06-01 20:55:00,68.0,68.0,63.0,29.4,10.0,NW,5.0,0.0,Fair,False,False,True,False,False,False,True,False,True,False,False,True,False,Night,Night,Night,Day
C-1852191,2,2021-10-29 13:57:32.000000000,2021-10-29 14:19:00.000000000,42.566859,-87.911869,42.56678400000001,-87.916842,0.253111806537,Slow traffic on WI-50 from 77th Ave (75th St/WI-50) to I-94/US-41 (75th St/WI-50) due to roadwork.,,75th St,R,Kenosha,Kenosha,WI,53142,US,US/Central,KENW,2021-10-29 13:53:00,55.0,55.0,89.0,28.82,6.0,N,16.0,0.01,Light Rain,False,False,False,False,False,False,False,False,False,False,False,False,False,Day,Day,Day,Day
C-1852192,2,2021-10-06 03:41:56.000000000,2021-10-06 06:01:00.000000000,34.034401,-118.68518799999998,,,0.0,One lane closed due to utility work on CA-1 Pacific Coast Hwy Northbound at Cross Creek Rd.,23401.0,Pacific Coast Hwy,R,Malibu,Los Angeles,CA,90265-4824,US,US/Pacific,KSMO,2021-10-06 03:51:00,64.0,64.0,90.0,29.81,10.0,CALM,0.0,0.0,Cloudy,False,False,True,False,False,False,False,False,False,False,False,True,False,Night,Night,Night,Night
C-1852193,3,2021-03-24 01:03:23.000000000,2021-03-24 04:30:00.000000000,47.16072800000001,-122.465881,,,1.7599999904599997,Exit ramp from WA-512 Westbound to Steele St Northbound intermittent ramp closures due to construction during the night.,10608.0,Sales Rd S,R,Tacoma,Pierce,WA,98444-1621,US,US/Pacific,KTCM,2021-03-24 01:03:00,45.0,39.0,81.0,29.97,10.0,SW,10.0,0.0,Cloudy,False,False,False,False,False,False,False,False,False,False,False,False,False,Night,Night,Night,Night
C-1852194,2,2020-11-06 13:19:00.000000000,2020-11-06 21:16:00.000000000,39.907499,-75.44006800000002,39.912841,-75.4378,0.388176053218,Stationary traffic on US-1 N - PA-452 from Overlook Cir to War Admiral Ln due to roadwork.,2.0,Overlook Cir,R,Media,Delaware,PA,19063-5755,US,US/Eastern,KPHL,2020-11-06 12:54:00,69.0,69.0,44.0,30.24,10.0,SW,12.0,0.0,Fair,False,False,False,False,False,False,False,False,False,True,False,False,False,Day,Day,Day,Day
C-1852195,2,2021-10-13 16:53:00.000000000,2021-10-21 16:13:12.000000000,39.653131,-104.911502,39.652271,-104.913051,0.101591616654,Stationary traffic on CO-30 from S Oneida Way to E Ithaca Pl due to roadwork.,6639.0,E Hampden Ave,R,Denver,Denver,CO,80224,US,US/Mountain,KBKF,2021-10-13 16:58:00,57.0,57.0,23.0,24.16,10.0,WNW,14.0,0.0,Fair,False,False,True,False,False,False,False,False,False,False,False,False,False,Day,Day,Day,Day
C-1852196,2,2021-07-29 07:56:30.000000000,2021-07-29 08:28:30.000000000,41.628226,-84.73188499999998,41.629329,-84.753519,1.1198814683,Slow traffic on I-90 W - I-80 W - Ohio Tpke W from CR-15/Exit 13 (I-90/I-80) to OH-49/Exit 2 (I-90/I-80) due to roadwork.,,Ohio Tpke W,R,Edon,Williams,OH,43518,US,US/Eastern,KANQ,2021-07-29 07:55:00,72.0,72.0,94.0,28.85,9.0,SW,5.0,0.0,Fair,False,False,False,False,False,False,False,False,False,False,False,False,False,Day,Day,Day,Day
C-1852197,3,2020-11-24 03:32:50.000000000,2020-12-11 23:59:00.000000000,37.997707,-87.466736,,,2.71000003815,Right lane closed and temporary width limit of 12' due to construction work on I-69 Northbound between Exits 7A 7B IN-66 and Exit 9 IN-62 Morgan Ave.,,I-69 S,R,Evansville,Vanderburgh,IN,47715,US,US/Central,KEVV,2020-11-24 03:54:00,43.0,43.0,74.0,29.84,10.0,E,3.0,0.0,Fair,False,False,False,False,False,False,False,False,False,False,False,False,False,Night,Night,Night,Night
C-1852198,2,2021-05-10 19:48:30.000000000,2021-05-10 21:47:00.000000000,44.312822,-116.081722,44.312576,-116.079335,0.119228547991,Stationary traffic on ID-55 from Smiths Ferry Dr (ID-55) to Clear Creek Rd/Cabarton Rd (ID-55) due to roadwork.,10885.0,Main St,R,Cascade,Valley,ID,83611-5303,US,US/Mountain,KMYL,2021-05-10 19:51:00,50.0,50.0,38.0,25.03,10.0,N,9.0,0.0,Fair,False,False,False,False,False,False,False,False,False,False,False,False,False,Day,Day,Day,Day
C-1852199,2,2018-04-20 09:32:37.000000000,2018-04-20 15:33:57.000000000,39.910684,-75.910179,39.89487800000001,-75.916253,1.13855651088,At PA-41/Gap Newport Pike - Roadwork. Traffic problem.,3326.0,Limestone Rd,R,Cochranville,Chester,PA,19330-1506,US,US/Eastern,KMQS,2018-04-20 09:35:00,39.2,29.3,56.0,30.23,10.0,NNW,20.7,,Scattered Clouds,False,False,False,False,False,False,False,False,False,False,False,False,False,Day,Day,Day,Day
C-1852200,2,2021-09-13 13:18:00.000000000,2021-09-13 15:22:45.000000000,29.99318,-94.202606,29.983486,-94.212432,0.891287348371,Roadwork on Exit 845 (I-10) from Smith Rd/Exit 843 (I-10) to I-10 W.,,I-10 W,R,Beaumont,Jefferson,TX,77713,US,US/Central,KBMT,2021-09-13 13:15:00,82.0,82.0,87.0,30.01,10.0,E,7.0,0.0,Light Drizzle,False,False,False,False,True,False,False,False,False,False,False,False,False,Day,Day,Day,Day
C-1852201,2,2021-08-11 22:52:00.000000000,2021-08-11 23:12:00.000000000,40.666054,-73.761625,40.66602,-73.757862,0.197228275469,Stationary traffic on NY-27 from 183rd St to N Conduit Ave due to roadwork.,18324.0,S Conduit Ave,R,Springfield Gardens,Queens,NY,11413,US,US/Eastern,KJFK,2021-08-11 22:51:00,78.0,78.0,81.0,29.98,10.0,W,9.0,0.0,Cloudy,False,False,False,False,False,False,False,False,False,True,False,False,False,Night,Night,Night,Night
C-1852202,2,2021-10-30 07:41:00.000000000,2021-10-30 08:01:30.000000000,39.63472,-85.204502,39.63219,-85.216086,0.6407114234929999,Stationary traffic on IN-44 from IN-1/N Eastern Ave (E 5th St/IN-44) to N 800 E/N Main St (State St/IN-44) due to roadwork.,3499.0,W State Road 44,R,Connersville,Fayette,IN,47331-8605,US,US/Eastern,KGEZ,2021-10-30 07:51:00,54.0,54.0,94.0,28.64,10.0,N,10.0,0.0,Cloudy,False,False,False,False,False,False,False,False,False,False,False,False,False,Night,Day,Day,Day
C-1852203,4,2020-03-21 06:02:56.000000000,2020-03-21 11:02:28.000000000,40.6087,-74.0383,40.60216,-74.05889,1.17079195878,Closed at I-278/Verrazano-Narrows Brg - Closed due to roadwork.,,I-278 W,R,Brooklyn,Kings,NY,11209,US,US/Eastern,KJRB,2020-03-21 05:51:00,47.0,,48.0,30.06,10.0,,,0.0,Mostly Cloudy,False,False,False,False,False,False,False,False,False,False,False,False,False,Night,Night,Day,Day
C-1852205,2,2021-06-13 15:38:30.000000000,2021-06-13 17:46:06.000000000,38.991657,-77.332452,38.988144,-77.32740799999998,0.36371869021,Stationary traffic on VA-7 from Reston Pkwy (VA-7) to Springvale Rd (VA-7) due to roadwork.,11141.0,Leesburg Pike,L,Herndon,Fairfax County,VA,20170-2215,US,US/Eastern,KIAD,2021-06-13 15:52:00,76.0,,82.0,29.54,10.0,,,0.02,Mostly Cloudy,False,False,False,False,False,False,False,False,False,False,False,False,False,Day,Day,Day,Day
C-1852206,3,2016-10-13 05:58:02.000000000,2016-10-13 08:00:00.000000000,32.887032,-117.227882,,,0.01,Entry ramp closed due to bridge maintenance work on I-5 Southbound at Exit 29 County Hwy-S21 Genesee Ave.,,San Diego Fwy S,R,La Jolla,San Diego,CA,92093,US,US/Pacific,KMYF,2016-10-13 05:53:00,61.0,,78.0,30.05,10.0,NE,5.8,,Overcast,False,False,False,False,False,False,False,False,False,False,False,False,False,Night,Night,Day,Day
C-1852207,2,2021-01-22 14:15:00.000000000,2021-01-22 15:13:30.000000000,39.53652,-119.7936,39.528099,-119.784467,0.7585524779170001,Stationary traffic on I-580 S - US-395 S from I-580 exit [15] to Glendale Ave exit [35] due to roadwork.,,I-80 E,R,Reno,Washoe,NV,89512,US,US/Pacific,KRNO,2021-01-22 13:55:00,47.0,42.0,27.0,25.25,10.0,W,10.0,0.0,Mostly Cloudy,False,False,False,False,False,False,False,False,False,False,False,False,False,Day,Day,Day,Day
C-1852208,2,2021-06-28 18:13:15.000000000,2021-06-28 19:56:50.000000000,44.749145,-67.371386,44.746082,-67.37674200000001,0.3374398378509999,Stationary traffic on US-1 N - US-1 S from Bunker Hill Rd (US-1) to ME-191/Jacksonville Rd (US-1) due to roadwork.,,BUGABOO LN,R,East Machias,Washington,ME,04630,US,US/Eastern,KBHB,,,,,,,,,,,False,False,False,False,False,False,False,False,False,False,False,False,False,Day,Day,Day,Day
C-1852209,2,2021-09-09 16:29:00.000000000,2021-09-09 18:41:02.000000000,42.014225,-87.71151400000002,42.011012,-87.71150899999998,0.2219973054039999,Slow traffic from Howard St (N McCormick Blvd) to W Devon Ave (N McCormick Blvd) due to roadwork.,7336.0,McCormick Blvd,R,Skokie,Cook,IL,60076-4039,US,US/Central,KORD,2021-09-09 16:51:00,74.0,74.0,45.0,29.26,10.0,E,6.0,0.0,Partly Cloudy,False,False,False,False,False,False,False,False,False,False,False,False,False,Day,Day,Day,Day
C-1852210,3,2018-06-08 21:00:00.000000000,2018-06-09 06:00:00.000000000,41.131752,-74.167831,,,22.5900001526,Left and center lane closed due to construction work on I-87 Southbound between Exit 16 and Exit 15A NY-17.,,NY-17 N,R,Hillburn,Rockland,NY,10931,US,US/Eastern,KCDW,2018-06-08 20:53:00,78.1,,50.0,30.1,10.0,Calm,,,Scattered Clouds,False,False,False,False,False,False,False,False,False,False,False,False,False,Night,Day,Day,Day
C-1852211,2,2020-09-08 13:59:00.000000000,2020-09-09 01:10:00.000000000,40.382123,-79.81925,40.381343,-79.81244000000002,0.3624499966,Queuing traffic on US-30 from PA-686 (US-30) to PA-148/5th Ave (US-30) due to roadwork.,413.0,Lincoln Hwy,R,North Versailles,Allegheny,PA,15137-1621,US,US/Eastern,KAGC,2020-09-08 13:53:00,83.0,83.0,53.0,28.78,10.0,S,6.0,0.0,Fair,False,False,False,False,False,False,False,False,False,False,False,True,False,Day,Day,Day,Day
C-1852212,2,2020-10-21 11:55:30.000000000,2020-10-21 16:04:00.000000000,30.538863,-87.087373,30.533021,-87.087352,0.403645691656,Stationary traffic on FL-281 from Cyanamid Rd (Avalon Blvd/FL-281) to I-10 (Avalon Blvd/FL-281) due to roadwork.,2809.0,Avalon Blvd,L,Milton,Santa Rosa,FL,32583-6158,US,US/Central,KNFJ,2020-10-21 11:56:00,82.0,82.0,68.0,30.05,10.0,NNE,13.0,0.0,Partly Cloudy,False,False,False,False,False,False,False,False,False,False,False,True,False,Day,Day,Day,Day
C-1852213,2,2021-09-02 09:20:00.000000000,2021-09-02 16:00:00.000000000,36.070274,-84.468202,36.07017800000001,-84.46495,0.18173855604,State Route 62 both directions in Morgan County - Between PORTWOOD STORE RD. and SR-116 (PETROS HWY.) LT. mowing work will cause a reduction in lanes from two to one lane today from 9:20AM 09/02/2021 to 3:00PM 09/02/2021 (Eastern Time Zone).,4149.0,Knoxville Hwy,R,Oliver Springs,Morgan,TN,37840-4007,US,US/Eastern,KOQT,2021-09-02 08:53:00,69.0,69.0,78.0,29.05,10.0,CALM,0.0,0.0,Fair,False,False,False,False,False,False,False,False,False,False,False,False,False,Day,Day,Day,Day
C-1852214,2,2021-05-17 07:00:00.000000000,2021-05-21 19:00:00.000000000,38.782598,-95.691547,38.782639,-95.688161,0.182392828584,Roadwork on KS-31/Santa Fe Ave/Topeka Ave (US-56) from US-75 (US-56) to US-56 W - US-56 E.,349.0,W US Highway 56,R,Scranton,Osage,KS,66537-9237,US,US/Central,KFOE,2021-05-17 07:02:00,63.0,63.0,94.0,28.79,10.0,ENE,7.0,0.0,Cloudy,False,False,False,False,False,False,False,False,False,False,False,False,False,Day,Day,Day,Day
C-1852215,2,2021-04-20 05:52:10.000000000,2021-04-20 19:27:30.000000000,42.159673,-88.04766,42.163352,-88.055033,0.455200868266,Stationary traffic on US-12 W from E Lake Cook Rd (N Rand Rd/US-12) to CR-43/W Long Grove Rd (N Rand Rd/US-12) due to roadwork.,20397.0,N Rand Rd,L,Palatine,Lake,IL,60074-2055,US,US/Central,KPWK,2021-04-20 05:52:00,37.0,32.0,62.0,29.35,10.0,N,7.0,0.0,Cloudy,False,False,False,False,False,False,False,False,False,False,False,True,False,Night,Day,Day,Day
C-1852216,3,2018-02-01 09:00:00.000000000,2018-02-01 16:00:00.000000000,35.383602,-97.000755,,,0.0,Intermittent lane closures due to construction work on I-40 both ways at Exit 181 US-177.,,Highway 177,R,Shawnee,Pottawatomie,OK,74804,US,US/Central,KSNL,2018-02-01 08:55:00,40.6,32.0,56.0,30.11,10.0,North,17.3,,Clear,False,False,False,False,False,False,False,False,False,False,False,False,False,Day,Day,Day,Day
C-1852217,2,2021-07-06 00:00:00.000000000,2021-10-05 11:52:36.000000000,31.260083,-93.005576,31.260944,-93.006466,0.0793858315138,Construction on LA-465 NB near LA-8 Allow extra time.,7236.0,Highway 465,L,Leesville,Vernon,LA,71446-8300,US,US/Central,KPOE,2021-07-06 00:58:00,74.0,74.0,99.0,29.6,10.0,CALM,0.0,0.0,Fair,False,False,False,False,False,False,False,False,False,False,False,False,False,Night,Night,Night,Night
C-1852218,2,2019-05-06 13:31:15.000000000,2019-05-10 11:54:51.000000000,43.01071,-83.67041,43.00817,-83.68500999999998,0.758239162367,At I-475/Uaw Fwy/Exit 137 - Roadwork. Left lane blocked.,,I-69 W,R,Flint,Genesee,MI,48503,US,US/Eastern,KFNT,2019-05-06 13:53:00,71.0,71.0,51.0,29.14,10.0,SW,7.0,0.0,Mostly Cloudy,False,False,False,False,False,False,False,False,False,False,False,False,False,Day,Day,Day,Day
C-1852219,2,2021-09-08 08:10:30.000000000,2021-09-08 08:32:30.000000000,43.883278,-111.628824,43.88333400000001,-111.63793,0.453488907862,Stationary traffic on ID-33 from 1300 (ID-33) to Center St (ID-33) due to roadwork.,2649.0,E Highway 33,R,Teton,Fremont,ID,83451-5005,US,US/Mountain,KRXE,2021-09-08 07:53:00,46.0,46.0,71.0,25.28,3.0,N,3.0,0.0,Haze,False,False,False,False,False,False,False,False,False,False,False,False,False,Day,Day,Day,Day
C-1852220,2,2021-05-12 20:00:00.000000000,2021-05-13 06:00:00.000000000,34.136879,-117.239479,,,0.7300000190729999,Exit ramp from CA-210 Eastbound at Exit 79 to E Highland Ave closed due to bridge maintenance work.,,CA-210 E,R,San Bernardino,San Bernardino,CA,92404,US,US/Pacific,KSBD,2021-05-12 19:52:00,72.0,72.0,53.0,28.79,10.0,WSW,9.0,0.0,Fair,False,False,False,False,False,False,False,False,False,False,False,False,False,Night,Day,Day,Day
C-1852221,2,2021-06-29 20:01:00.000000000,2021-06-30 06:59:00.000000000,34.421625,-119.616263,34.421598,-119.616503,0.0138054684418,Alternating Lanes closure due to K-rail Installation between and,,US-101 N,R,Santa Barbara,Santa Barbara,CA,93108,US,US/Pacific,KSBA,2021-06-29 19:53:00,64.0,64.0,84.0,29.81,10.0,W,6.0,0.0,Mostly Cloudy,False,False,False,False,True,False,False,False,False,False,False,False,False,Day,Day,Day,Day
C-1852222,2,2020-12-16 13:39:00.000000000,2020-12-16 22:21:07.000000000,30.152707,-92.09207,30.150963,-92.093696,0.154781074442,Slow traffic on LA-733 - US-167 S from Driftwood St to Raymond St due to roadwork.,6722.0,Johnston St,L,Lafayette,Lafayette,LA,70503-6202,US,US/Central,KLFT,2020-12-16 13:53:00,45.0,39.0,71.0,30.01,10.0,NW,13.0,0.0,Cloudy,False,False,False,False,False,False,False,False,False,False,False,False,False,Day,Day,Day,Day
C-1852223,4,2019-03-19 04:01:41.000000000,2019-03-19 09:01:13.000000000,47.21951,-122.46286,47.22316,-122.46022,0.280976374132,Ramp closed to 38th St/Exit 132 - Closed due to roadwork.,1911.0,S 42nd St,R,Tacoma,Pierce,WA,98418-1619,US,US/Pacific,KTCM,2019-03-19 03:58:00,34.5,,99.0,30.09,10.0,Calm,,,Clear,False,False,False,False,False,False,False,False,False,False,False,False,False,Night,Night,Night,Night
C-1852224,2,2021-02-21 14:57:30.000000000,2021-02-21 16:16:00.000000000,40.63933,-73.996224,40.64125900000001,-73.99335699999997,0.2008934423059999,Slow traffic from 65th St (Fort Hamilton Pkwy) to 39th St (Fort Hamilton Pkwy) due to roadwork.,1056.0,47th St,R,Brooklyn,Kings,NY,11219-2812,US,US/Eastern,KJRB,2021-02-21 14:51:00,36.0,30.0,37.0,30.39,10.0,WNW,8.0,0.0,Fair,False,False,True,False,False,False,False,False,False,False,False,True,False,Day,Day,Day,Day
C-1852225,2,2021-08-18 15:31:54.000000000,2021-08-18 16:28:20.000000000,42.15606,-87.95434499999998,42.15417,-87.95514,0.136788265789,Stationary traffic on County Hwy-W17 - County Hwy-73 from Deerfield Pkwy (Weiland Rd) to E Lake Cook Rd (Weiland Rd) due to roadwork.,238.0,N Weiland Rd,L,Buffalo Grove,Lake,IL,60089,US,US/Central,KPWK,2021-08-18 15:52:00,84.0,84.0,63.0,29.39,10.0,NE,9.0,0.0,Partly Cloudy,False,False,False,False,False,False,False,False,False,False,False,True,False,Day,Day,Day,Day
C-1852226,2,2020-10-30 01:08:35.000000000,2020-10-30 03:48:11.000000000,26.527911,-80.204022,26.527228000000004,-80.205526,0.104266640987,Slow traffic on FL-7 - FL-804 - US-441 S from 93rd Ln S to 105th St S due to roadwork.,,Boynton Beach Blvd,R,Boynton Beach,Palm Beach,FL,33472,US,US/Eastern,KPBI,2020-10-30 00:53:00,79.0,79.0,88.0,29.94,10.0,SSW,6.0,0.0,Fair,False,False,False,False,False,False,False,False,False,False,False,False,False,Night,Night,Night,Night
C-1852227,2,2021-08-12 17:04:30.000000000,2021-08-12 19:20:41.000000000,33.492474,-112.168939,33.494867,-112.168886,0.165368753388,Slow traffic from W Clarendon Ave to W Indian School Rd due to roadwork.,3821.0,N 51st Ave,R,Phoenix,Maricopa,AZ,85031-3004,US,US/Mountain,KGEU,2021-08-12 16:58:00,96.0,96.0,34.0,28.71,10.0,CALM,0.0,0.0,Fair,False,False,True,False,False,False,False,False,False,False,False,True,False,Day,Day,Day,Day
C-1852228,2,2021-01-23 21:28:00.000000000,2021-01-24 01:10:15.000000000,38.442708,-77.455101,38.441712,-77.45667399999998,0.109462668114,Roadwork on Embrey Mill Rd from Dog Patch Ln to VA-628.,494.0,Winding Creek Rd,L,Stafford,Stafford,VA,22554-6804,US,US/Eastern,KRMN,2021-01-23 21:35:00,28.0,28.0,28.0,30.14,10.0,CALM,0.0,0.0,Fair,False,False,False,False,False,False,False,False,False,False,False,False,False,Night,Night,Night,Night
C-1852229,2,2021-11-10 00:12:00.000000000,2021-12-23 18:12:16.000000000,29.659686,-82.427761,29.659567,-82.419954,0.468810858284,Stationary traffic on FL-26 from NW 91st St (FL-26) to I-75 (FL-26) due to roadwork.,799.0,NW 80th Blvd,R,Gainesville,Alachua,FL,32607-1599,US,US/Eastern,KGNV,2021-12-23 17:53:00,59.0,59.0,72.0,30.04,10.0,N,3.0,0.0,Fair,False,False,True,False,False,False,False,False,False,False,False,True,False,Night,Night,Night,Night
C-1852230,2,2020-10-14 11:49:00.000000000,2020-10-15 00:10:30.000000000,32.934237,-80.17706,32.947567,-80.202315,1.7299707760299998,Slow traffic on SC-61 from Dogwood Ridge Rd to Beech Hill Rd / Delemar Hwy due to roadwork.,4598.0,Ashley River Rd,R,Summerville,Dorchester,SC,29485-9300,US,US/Eastern,KDYB,2020-10-14 11:55:00,73.0,73.0,73.0,30.03,10.0,VAR,5.0,0.0,Fair,False,False,False,False,False,False,False,False,False,False,False,False,False,Day,Day,Day,Day
C-1852231,4,2018-07-13 02:21:43.000000000,2018-07-13 04:21:12.000000000,40.70142,-74.01224,40.70132,-74.01268,0.0240610275944,At South St - Construction work.,,South St,R,New York,New York,NY,10004,US,US/Eastern,KJRB,2018-07-13 02:15:00,71.6,,78.0,30.43,10.0,North,,,Clear,True,False,True,False,False,False,False,False,True,False,False,True,False,Night,Night,Night,Night
C-1852232,2,2021-06-14 07:45:00.000000000,2021-06-14 10:08:09.000000000,26.257693,-80.186272,26.259784000000003,-80.18781800000002,0.173348146675,Slow traffic from NW 22nd St to NW 48th Ter due to roadwork.,2266.0,Lyons Rd,L,Pompano Beach,Broward,FL,33066,US,US/Eastern,KFXE,2021-06-14 07:53:00,80.0,80.0,85.0,29.95,10.0,S,6.0,0.0,Mostly Cloudy,False,False,False,False,False,False,False,False,False,False,False,False,False,Day,Day,Day,Day
C-1852233,2,2021-04-07 04:31:30.000000000,2021-12-16 16:47:45.000000000,42.182588,-87.94086999999998,42.182097,-87.948729,0.4038007292059999,Stationary traffic on County Hwy-W17 - County Hwy-33 - County Hwy-73 from Aptakisic Rd / Schelter Rd to Old Weiland Rd due to roadwork.,15184.0,W Aptakisic Rd,L,Lincolnshire,Lake,IL,60069,US,US/Central,KPWK,2021-05-26 13:52:00,81.0,81.0,30.0,29.33,10.0,WNW,10.0,0.0,Fair,False,False,False,False,False,False,False,False,False,False,False,False,False,Night,Night,Night,Night
C-1852234,2,2020-12-07 17:00:00.000000000,2020-12-07 23:45:00.000000000,29.403044,-95.033468,29.402657,-95.033087,0.035226938409,Construction on I-45 SB near FM-2004 Expect delays.,,I-45 S,R,Texas City,Galveston,TX,77591,US,US/Central,KGLS,2020-12-07 16:52:00,61.0,61.0,46.0,30.17,10.0,N,6.0,0.0,Fair,False,False,False,False,False,False,False,False,False,False,False,False,False,Day,Day,Day,Day
C-1852235,2,2021-03-22 04:05:30.000000000,2021-12-30 15:00:25.000000000,45.622261,-121.110116,45.648721,-120.961176,7.42414099102,Road maintenance operations are occurring causing no to minimum delays. Use caution.,,I-84 E,R,The Dalles,Wasco,OR,97058,US,US/Pacific,KDLS,2021-09-01 06:53:00,49.0,47.0,69.0,29.77,10.0,SE,5.0,0.0,Fair,False,False,False,False,True,False,False,False,False,False,False,False,False,Night,Night,Night,Night
C-1852236,2,2021-11-05 14:52:00.000000000,2021-11-05 15:39:30.000000000,40.862807,-117.228074,40.86914,-117.240816,0.7967046879699999,Slow traffic on I-80 W from Exit 212 (I-80) to Pumpernickel Valley Rd/Exit 205 (I-80) due to roadwork.,,I-80 W,R,Golconda,Humboldt,NV,89414,US,US/Pacific,KWMC,2021-11-05 14:56:00,56.0,56.0,44.0,25.62,10.0,NE,6.0,0.0,Fair,False,False,False,False,False,False,False,False,False,False,False,False,False,Day,Day,Day,Day
C-1852237,2,2021-10-28 12:35:00.000000000,2021-10-28 13:04:30.000000000,40.917087,-98.383158,40.924407,-98.383228,0.5057770345889999,Stationary traffic on US-281 N - NE-2 from US-30 (US-281) to W 13th St (US-281) due to roadwork.,579.0,N US Highway 281,L,Grand Island,Hall,NE,68803,US,US/Central,KGRI,2021-10-28 12:53:00,59.0,59.0,38.0,27.95,10.0,NNW,32.0,0.0,Fair / Windy,False,False,False,False,False,False,False,False,False,False,False,True,False,Day,Day,Day,Day
C-1852238,2,2021-08-26 23:34:30.000000000,2021-08-27 00:18:30.000000000,36.259089,-90.202605,36.259226,-90.167447,1.9587975589,Slow traffic on AR-139 - AR-90 from County Road 527 to County Road 535 due to roadwork.,498.0,County Road 527,L,Rector,Clay,AR,72461,US,US/Central,K4M9,2021-08-26 23:35:00,81.0,81.0,100.0,29.76,7.0,ESE,5.0,0.0,Cloudy,False,False,False,False,False,False,False,False,False,False,False,False,False,Night,Night,Night,Night
C-1852239,2,2021-09-21 09:52:30.000000000,2021-09-21 10:12:30.000000000,41.030611,-95.441728,41.030654,-95.447233,0.286942716278,Stationary traffic on US-34 W - US-34 E from US-59 (US-34) to 370th St (US-34) due to roadwork.,39001.0,US Highway 34,L,Emerson,Mills,IA,51533,US,US/Central,KRDK,2021-09-21 09:55:00,63.0,63.0,59.0,29.16,10.0,NW,10.0,0.0,Fair,False,False,False,False,False,False,False,False,False,False,False,False,False,Day,Day,Day,Day
C-1852240,2,2021-08-30 13:09:01.000000000,2021-09-01 05:10:23.000000000,29.663532,-89.97575,29.651757,-89.969615,0.893079912641,Roadwork on Ravenna Rd (LA-23) from Lake Hermitage Rd (LA-23) to LA-23.,15886.0,Highway 23,L,Belle Chasse,Plaquemines,LA,70037,US,US/Central,KNBG,,,,,,,,,,,False,False,False,False,False,False,False,False,False,False,False,False,False,Day,Day,Day,Day
C-1852241,3,2019-05-06 19:00:00.000000000,2019-05-07 06:01:00.000000000,38.301311,-104.61248,,,6.53999996185,Intermittent lane closures due to construction during the night on I-25 both ways between I-25 Exit 104 / Dillon Dr and I-25 Exits 100B 101 / US-50 / Elizabeth St.,,I-25 S,R,Pueblo,Pueblo,CO,81008,US,US/Mountain,KPUB,2019-05-06 18:53:00,74.0,74.0,25.0,25.08,10.0,SE,14.0,0.0,Partly Cloudy,False,False,False,False,True,False,False,False,False,False,False,False,False,Day,Day,Day,Day
C-1852242,2,2021-10-22 13:34:30.000000000,2021-10-22 15:25:55.000000000,28.593119,-81.357988,28.593162,-81.365072,0.429773918416,Slow traffic on FL-424A - FL-426 from FL-527/Orange Ave (FL-426) to US-92/S Orlando Ave (FL-426) due to roadwork.,671.0,W Fairbanks Ave,R,Winter Park,Orange,FL,32789-4755,US,US/Eastern,KORL,2021-10-22 13:53:00,87.0,87.0,44.0,29.88,10.0,CALM,0.0,0.0,Fair,False,False,True,False,False,False,False,False,False,False,False,True,False,Day,Day,Day,Day
C-1852243,2,2020-09-09 16:00:00.000000000,2020-09-10 00:45:00.000000000,39.734892,-75.57351700000002,39.735081,-75.573027,0.0291268088199,Construction on MARYLAND AVE near S DUPONT RD Drive with caution.,1524.0,Maryland Ave,L,Wilmington,New Castle,DE,19805-4738,US,US/Eastern,KILG,2020-09-09 15:51:00,80.0,80.0,71.0,30.16,10.0,E,10.0,0.0,Fair,False,False,True,False,False,False,False,False,False,False,False,True,False,Day,Day,Day,Day
C-1852244,2,2021-11-18 18:08:02.000000000,2021-11-18 18:29:45.000000000,30.343652,-81.60267900000002,30.351378000000004,-81.602563,0.533860566661,Stationary traffic on FL-109 from FL-109/Arlington Rd (University Blvd/FL-109) to Merrill Rd (University Blvd/FL-109) due to roadwork.,2124.0,University Blvd N,L,Jacksonville,Duval,FL,32211-3224,US,US/Eastern,KCRG,2021-11-18 17:53:00,71.0,71.0,87.0,30.12,10.0,E,3.0,0.0,Fair,False,False,True,False,False,False,False,False,False,False,False,True,False,Night,Night,Day,Day
C-1852245,2,2017-04-26 07:02:03.000000000,2017-04-26 13:02:03.000000000,43.063991,-76.07084300000002,43.06381,-76.069374,0.0752010167453,At Manlius St - Construction work.,159.0,N Center St,L,East Syracuse,Onondaga,NY,13057-2539,US,US/Eastern,KSYR,2017-04-26 06:54:00,50.0,,93.0,29.82,10.0,NE,6.9,,Mostly Cloudy,True,False,True,False,False,False,False,False,True,False,False,True,False,Day,Day,Day,Day
C-1852246,4,2018-10-27 16:06:54.000000000,2018-10-27 21:06:25.000000000,44.85862,-93.3451,44.85955,-93.3944,2.41539315421,Closed between CR-17/France Ave/Exit 6 and US-169/Exit 10 - Closed due to roadwork.,,I-494 W,R,Minneapolis,Hennepin,MN,55435,US,US/Central,KMSP,2018-10-27 15:53:00,53.1,,74.0,29.82,8.0,SSE,4.6,,Overcast,False,False,False,False,False,False,False,False,False,False,False,False,False,Day,Day,Day,Day
C-1852247,4,2019-06-19 21:18:10.000000000,2019-06-20 02:07:00.000000000,32.42042,-96.86754,32.478770000000004,-96.8335,4.49365194007,Between US-287-BR/Exit 401 and Sterrett Rd/Exit 406 - Roadwork.,,I-35E N,R,Waxahachie,Ellis,TX,75165,US,US/Central,KJWY,2019-06-19 21:15:00,85.0,85.0,70.0,28.9,10.0,S,9.0,0.0,Fair,False,False,False,False,True,False,False,False,False,False,False,False,False,Night,Night,Day,Day
C-1852248,2,2021-07-02 15:11:00.000000000,2021-07-02 15:36:30.000000000,40.072545,-80.744031,40.073678,-80.74056800000002,0.199128462833,Slow traffic on US-40 W - US-40 E - US-250 W - US-250 E from Marion St to Pease due to roadwork.,385.0,Main St,L,Bridgeport,Belmont,OH,43912-1353,US,US/Eastern,KHLG,2021-07-02 14:53:00,63.0,63.0,78.0,28.65,10.0,NNW,9.0,0.01,Cloudy,True,False,False,False,False,False,False,False,False,False,False,False,False,Day,Day,Day,Day
C-1852249,4,2020-08-07 14:00:00.000000000,2020-08-08 01:45:00.000000000,30.90207,-84.20566099999998,30.905345,-84.20564,0.22628437384,Construction on GA-93 NB near MP 14 Road closed. Take alternate route.,2070.0,GA Highway 111 N,R,Cairo,Grady,GA,39827-7332,US,US/Eastern,KTVI,2020-08-07 13:55:00,88.0,88.0,58.0,29.83,10.0,SSW,7.0,0.0,Fair,False,False,False,False,False,False,False,False,False,False,False,False,False,Day,Day,Day,Day
C-1852250,4,2020-09-21 21:44:00.000000000,2020-09-24 09:52:39.000000000,41.50363400000001,-81.193578,41.495357,-81.19360999999998,0.5718886310719999,Road OH-44 is closed from US-322/Mayfield Rd (Ravenna Rd/OH-44) to Butternut Rd (Ravenna Rd/OH-44) due to roadwork.,13382.0,Ravenna Rd,R,Chardon,Geauga,OH,44024-9005,US,US/Eastern,KCGF,2020-09-21 21:45:00,52.0,52.0,76.0,29.41,20.0,CALM,0.0,0.0,Fair,False,False,False,False,False,False,False,False,False,False,False,False,False,Night,Night,Night,Night
C-1852251,2,2021-09-30 10:57:30.000000000,2021-09-30 12:02:37.000000000,40.648537,-73.92421800000002,40.65245,-73.92281,0.280256389782,Stationary traffic from Utica Ave (Kings Hwy) to NY-27/Remsen Ave/Linden Blvd (Kings Hwy) due to roadwork.,,Tilden Ave,R,Brooklyn,Kings,NY,11203,US,US/Eastern,KJRB,2021-09-30 10:51:00,60.0,,57.0,30.0,10.0,,,0.0,Fair,False,False,True,False,False,False,False,False,True,False,False,True,False,Day,Day,Day,Day
C-1852252,2,2020-10-21 11:55:30.000000000,2020-10-21 14:22:30.000000000,30.546752,-87.087216,30.532176,-87.087337,1.00713142412,Stationary traffic on FL-281 from Cyanamid Rd (Avalon Blvd/FL-281) to Garcon Point Rd/Mary Garzon Way (Avalon Blvd/FL-281) due to roadwork.,3147.0,Avalon Blvd,R,Milton,Santa Rosa,FL,32583-5510,US,US/Central,KNFJ,2020-10-21 11:56:00,82.0,82.0,68.0,30.05,10.0,NNE,13.0,0.0,Partly Cloudy,False,False,False,False,False,False,False,False,False,False,False,False,False,Day,Day,Day,Day
C-1852253,2,2021-12-03 14:38:22.000000000,2021-12-03 15:12:29.000000000,30.460187,-91.101003,30.466356,-91.105412,0.500625913961,Slow traffic on US-190 W - US-61 N from US-190/Florida Blvd (US-61) to LA-37/Greenwell Springs Rd (US-61) due to roadwork.,8339.0,Airline Hwy,L,Baton Rouge,East Baton Rouge,LA,70815-8114,US,US/Central,KBTR,2021-12-03 14:53:00,72.0,72.0,61.0,29.98,10.0,W,5.0,0.0,Fair,False,False,False,False,False,False,False,False,False,False,False,True,False,Day,Day,Day,Day
C-1852254,4,2018-10-12 13:12:57.000000000,2018-10-12 15:12:23.000000000,41.508468,-83.50381800000002,41.50759,-83.50192,0.115431434669,At OH-163/Rocky Rd - Roadwork.,5560.0,Fremont Pike,L,Perrysburg,Wood,OH,43551-9708,US,US/Eastern,KTDZ,2018-10-12 12:53:00,50.0,,57.0,29.97,10.0,West,11.5,,Overcast,False,False,False,False,False,False,False,False,False,False,False,False,False,Day,Day,Day,Day
C-1852255,2,2021-12-22 09:39:30.000000000,2021-12-22 09:52:00.000000000,35.723617,-83.026382,35.737287,-83.02381,0.955460186215,Slow traffic on I-40 W from Fines Creek Rd/Exit 15 (I-40) to Harmon Den Rd/Exit 7 (I-40) due to roadwork.,,I-40 W,R,Clyde,Haywood,NC,28721,US,US/Eastern,KAVL,2021-12-22 09:54:00,41.0,31.0,67.0,27.6,10.0,N,22.0,0.0,Fair / Windy,False,False,False,False,False,False,False,False,False,False,False,False,False,Day,Day,Day,Day
C-1852257,2,2021-09-17 19:41:30.000000000,2021-09-17 20:08:00.000000000,40.283521,-75.258904,40.278959,-75.251137,0.516682508556,Stationary traffic from Line Lexington Rd (County Line Rd) to US-202/Doylestown Rd (County Line Rd) due to roadwork.,736.0,County Line Rd,L,Colmar,Montgomery,PA,18915,US,US/Eastern,KDYL,2021-09-17 19:54:00,72.0,72.0,84.0,29.72,10.0,CALM,0.0,0.0,Cloudy,False,False,False,False,False,False,False,False,False,False,False,False,False,Night,Night,Day,Day
C-1852258,2,2021-03-28 09:49:00.000000000,2021-03-28 17:40:00.000000000,32.811037,-96.627695,32.820091,-96.628987,0.6300544225460001,Slow traffic on I-635 N - LBJ Fwy N from US-80/Exit 6 (I-635) to I-30/Exit 8 (I-635) due to roadwork.,,I-635 N,R,Mesquite,Dallas,TX,75150,US,US/Central,KHQZ,2021-03-28 09:50:00,59.0,59.0,55.0,29.83,10.0,N,17.0,0.0,Partly Cloudy,False,False,False,False,False,False,False,False,False,False,False,False,False,Day,Day,Day,Day
C-1852259,2,2019-11-24 04:00:00.000000000,2019-11-24 15:00:00.000000000,39.95937,-75.177689,,,0.0500000007451,Exit ramp from Vine St Expy Eastbound to N 23rd St Southbound intermittent ramp closures due to AACR Philadelphia Marathon Race Weekend.,298.0,N Bonsall St,L,Philadelphia,Philadelphia,PA,19103,US,US/Eastern,KPHL,2019-11-24 03:54:00,43.0,38.0,93.0,29.37,7.0,N,8.0,0.19,Rain,False,False,False,False,False,False,False,False,False,False,False,False,False,Night,Night,Night,Night
C-1852260,2,2021-04-27 08:00:00.000000000,2021-04-27 17:15:00.000000000,42.568947,-113.726083,42.568944,-113.72914,0.155554988906,Construction on I-84 WB near ABOUT 4 Construction. Expect long delays.,,I-84 W,R,Heyburn,Minidoka,ID,83336,US,US/Mountain,KBYI,2021-04-27 08:00:00,37.0,37.0,86.0,25.73,10.0,CALM,0.0,0.0,Partly Cloudy,False,False,False,False,True,False,False,False,False,False,False,False,False,Day,Day,Day,Day
C-1852261,2,2021-11-30 08:32:39.000000000,2021-11-30 10:50:18.000000000,25.9423,-80.30935600000002,25.941603,-80.307002,0.153981856934,Slow traffic on FL-860 from Bobolink Dr to Mediterranean Blvd due to roadwork.,,NW 186th St,R,Hialeah,Miami-Dade,FL,33015,US,US/Eastern,KOPF,2021-11-30 08:53:00,68.0,68.0,61.0,30.15,10.0,N,8.0,0.0,Fair,False,False,False,False,False,False,False,False,False,False,False,False,False,Day,Day,Day,Day
C-1852262,2,2021-07-12 02:43:05.000000000,2021-07-13 01:57:43.000000000,36.073848,-96.05643,36.0222,-96.094762,4.16171930808,Roadwork on OK-66/Toll Booth Plaza/Exit 221 (I-44) from Hilton Rd/W 96th St S/Exit 218A (Turner Tpke/I-44) to Turner Tpke W - I-44 W.,,I-44 W,R,Tulsa,Creek,OK,74131,US,US/Central,KRVS,2021-07-12 02:53:00,68.0,68.0,93.0,29.29,10.0,CALM,0.0,0.0,Fair,False,False,False,False,False,False,False,False,False,False,False,False,False,Night,Night,Night,Night
C-1852263,2,2021-03-09 04:43:00.000000000,2021-03-09 16:26:30.000000000,38.958239,-85.845741,38.958146,-85.860238,0.7789124114329999,Slow traffic on US-50 W from I-65 (US-50) to IN-11/S Broadway St (US-50) due to roadwork.,,E Tipton St,R,Seymour,Jackson,IN,47274,US,US/Eastern,KBAK,2021-03-09 06:30:00,34.0,34.0,75.0,29.65,10.0,CALM,0.0,,Fair,False,False,False,False,False,False,False,False,False,False,False,False,False,Night,Night,Night,Night
C-1852264,2,2020-04-22 09:02:34.000000000,2020-04-24 17:00:00.000000000,30.35858,-81.55426999999997,30.35858,-81.55426999999997,0.0,At SR-113 - Construction work.,,E Beltway N,R,Jacksonville,Duval,FL,32277,US,US/Eastern,KCRG,2020-04-22 08:53:00,69.0,69.0,53.0,30.05,10.0,N,10.0,0.0,Fair,False,False,False,False,False,False,False,False,False,False,False,False,False,Day,Day,Day,Day
C-1852265,2,2021-04-10 00:11:00.000000000,2021-04-10 00:59:30.000000000,36.600882,-95.190294,36.607176,-95.183829,0.563651368923,Slow traffic on Will Rogers Tpke E - I-44 E from US-69 exit [283] to OK-66 exit [289] due to roadwork.,,I-44 E,R,Vinita,Craig,OK,74301,US,US/Central,KGMJ,2021-04-10 00:15:00,54.0,54.0,88.0,28.85,10.0,NNW,13.0,0.0,Cloudy,False,False,False,True,False,False,False,False,False,False,False,False,False,Night,Night,Night,Night
C-1852266,2,2021-06-29 18:01:35.000000000,2021-07-21 07:15:30.000000000,38.266962,-77.91855699999998,38.268682,-77.916185,0.175157157289,Roadwork on Magnolia Ridge Dr from Constitution Hwy to VA-650.,26318.0,Independence Rd,R,Unionville,Orange,VA,22567-2826,US,US/Eastern,KOMH,2021-06-29 17:55:00,90.0,90.0,49.0,29.67,10.0,S,9.0,0.0,Partly Cloudy,False,False,False,False,False,False,False,False,False,False,False,False,False,Day,Day,Day,Day
C-1852267,2,2020-12-26 18:29:25.000000000,2020-12-27 00:40:30.000000000,31.615051,-97.101475,31.604796,-97.10639,0.7653039839219999,Slow traffic on US-77 S - I-35 S from Meyers Ln/Exit 340 (I-35) to TX-340 Loop/Exit 339 (I-35) due to roadwork.,,I-35 S,R,Waco,McLennan,TX,76705,US,US/Central,KCNW,2020-12-26 18:55:00,57.0,57.0,38.0,29.48,10.0,S,6.0,,Fair,False,False,False,False,False,False,False,False,False,False,False,False,False,Night,Night,Night,Day
C-1852268,2,2021-08-24 16:35:05.000000000,2021-08-24 16:52:59.000000000,40.984137,-73.68748199999997,40.98728300000001,-73.680526,0.4229355137169999,Slow traffic on I-95 N from Playland Pkwy/Exit 19 (I-95) to US-1/Exit 20 (I-95) due to roadwork.,,New England Trwy N,R,Rye,Westchester,NY,10580,US,US/Eastern,KHPN,2021-08-24 16:56:00,85.0,85.0,51.0,29.48,10.0,WNW,10.0,0.0,Fair,False,False,False,False,False,False,False,False,False,False,False,False,False,Day,Day,Day,Day
C-1852269,2,2021-10-08 09:54:30.000000000,2021-10-08 10:15:30.000000000,30.638819,-81.5865,30.643979,-81.57305,0.875437029285,Slow traffic from Felmor Rd to Yulee Hills Rd E due to roadwork.,86598.0,Felmor Rd,R,Yulee,Nassau,FL,32097,US,US/Eastern,KFHB,2021-10-08 09:55:00,82.0,82.0,84.0,30.03,7.0,ESE,3.0,0.0,Mostly Cloudy,False,False,False,False,False,False,False,False,False,False,False,False,False,Day,Day,Day,Day
C-1852270,2,2020-12-22 17:00:00.000000000,2020-12-22 23:45:00.000000000,29.619623,-95.387216,29.61440300000001,-95.387616,0.361467047363,Construction on TX-288 SB near ALMEDA-GENOA RD Expect delays.,,S Freeway S,R,Houston,Harris,TX,77047,US,US/Central,KMCJ,2020-12-22 16:53:00,67.0,67.0,59.0,30.06,10.0,SE,10.0,0.0,Partly Cloudy,False,False,False,False,False,False,False,False,False,False,False,False,False,Day,Day,Day,Day
C-1852271,2,2021-12-28 10:24:30.000000000,2021-12-28 10:45:00.000000000,38.103613,-120.122716,38.124754,-120.10828,1.65816402226,Stationary traffic on CA-108 from Lyons Creek Rd (Sonora Pass Hwy/CA-108) to Forest Route 3N30 (Sonora Pass Hwy/CA-108) due to roadwork.,,State Highway 108,R,MI Wuk Village,Tuolumne,CA,95346,US,US/Pacific,KO22,2021-12-28 10:15:00,36.0,36.0,100.0,27.66,10.0,CALM,0.0,0.0,Mostly Cloudy,False,False,False,False,False,False,False,False,False,False,False,False,False,Day,Day,Day,Day
C-1852272,2,2021-10-14 14:47:00.000000000,2021-10-14 18:23:13.000000000,26.060528,-80.16317,26.076637,-80.16833000000003,1.1581832158,Slow traffic on I-95 N from FL-848/Stirling Rd/Exit 22 (I-95) to I-595/SW 24th Ave/Exit 24 (I-95) due to roadwork.,,I-95 N,R,Dania,Broward,FL,33004,US,US/Eastern,KFLL,2021-10-14 14:53:00,86.0,86.0,70.0,29.87,10.0,NE,13.0,0.0,Partly Cloudy,False,False,False,False,True,False,False,False,False,False,False,False,False,Day,Day,Day,Day
C-1852273,2,2020-03-30 06:41:22.000000000,2020-04-03 06:40:58.000000000,47.65347,-117.4265,47.65349000000001,-117.42346,0.141495075654,At Post St - Construction work. Lane blocked.,996.0,W 3rd Ave,R,Spokane,Spokane,WA,99201-4508,US,US/Pacific,KSFF,2020-03-30 06:53:00,45.0,41.0,68.0,27.73,10.0,ESE,7.0,0.0,Light Rain,False,False,False,False,False,False,False,False,False,False,False,True,False,Day,Day,Day,Day
C-1852274,2,2018-10-15 00:00:00.000000000,2018-10-19 23:59:00.000000000,37.788437,-122.400337,,,0.119999997318,Restrictions due to construction work on 2nd St both ways between Stevenson St and Jessie St.,62.0,2nd St,R,San Francisco,San Francisco,CA,94105-3440,US,US/Pacific,KOAK,2018-10-15 00:53:00,64.9,,19.0,30.04,10.0,NE,12.7,,Clear,True,False,True,False,False,False,False,False,False,False,False,False,False,Night,Night,Night,Night
C-1852275,4,2021-06-18 00:00:00.000000000,2021-06-28 08:51:27.000000000,32.838258,-93.360763,32.863239,-93.337442,2.1935211320700003,Bridge Closure on LA-160 Both Directions near Cox Rd . All Lanes Closed. Starting 6/18/2021 12:00 AM,8299.0,Highway 160,R,Cotton Valley,Webster,LA,71018-3162,US,US/Central,KMNE,2021-06-18 00:15:00,74.0,74.0,85.0,29.71,10.0,CALM,0.0,0.0,Fair,False,False,False,False,False,False,False,False,False,False,False,False,False,Night,Night,Night,Night
C-1852276,2,2021-11-30 09:54:00.000000000,2021-11-30 10:47:30.000000000,27.904865,-81.60092900000002,27.897051,-81.599949,0.543202143247,Slow traffic on US-27 S - FL-25 from Washington Ave (US-27) to FL-60 (US-27) due to roadwork.,19870.0,Highway 27,R,Lake Wales,Polk,FL,33853,US,US/Eastern,KBOW,2021-11-30 09:50:00,63.0,63.0,52.0,30.08,10.0,ENE,7.0,0.0,Fair,False,False,False,False,False,False,False,False,False,False,False,False,False,Day,Day,Day,Day
C-1852277,2,2016-05-11 19:22:59.000000000,2016-05-12 01:22:59.000000000,40.11388,-75.42113,40.09834,-75.41826999999998,1.08429715308,Between PA-363 and PA-23 - Construction work.,,US-422 E,R,Norristown,Montgomery,PA,19403,US,US/Eastern,KLOM,2016-05-11 19:15:00,62.6,,68.0,30.11,10.0,Calm,,,Overcast,False,False,False,False,True,False,False,False,False,False,False,False,False,Day,Day,Day,Day
C-1852278,2,2020-07-18 03:42:00.000000000,2020-07-19 04:31:42.000000000,28.561825,-81.378979,28.538653000000004,-81.382152,1.6125726702,Construction on I-4 WB near EXIT 84B Construction. Left lane closed.,,I-4 W,R,Orlando,Orange,FL,32804,US,US/Eastern,KORL,2020-07-18 03:53:00,80.0,80.0,81.0,29.96,10.0,ENE,3.0,0.0,Fair,False,False,False,False,False,False,False,False,False,False,False,False,False,Night,Night,Night,Night
C-1852279,2,2021-02-12 05:52:30.000000000,2021-02-12 13:09:03.000000000,25.733363,-80.367765,25.732266,-80.367212,0.0832445409038,Stationary traffic on FL-976 - FL-985 from SW 38th St to SW 104th Ct due to roadwork.,3843.0,SW 107th Ave,L,Miami,Miami-Dade,FL,33165-3640,US,US/Eastern,KMIA,2021-02-12 05:53:00,73.0,73.0,87.0,29.97,10.0,SE,6.0,0.0,Fair,False,False,False,False,False,False,False,False,True,False,False,False,False,Night,Night,Night,Day
C-1852280,2,2021-11-01 23:41:00.000000000,2021-11-02 00:01:00.000000000,27.477532,-82.70355699999998,27.470990000000004,-82.70053100000001,0.488591111923,Slow traffic on FL-789 from FL-64/Manatee Ave (Sunbow Bay/FL-789) to FL-684/Cortez Rd (Gulf Dr/FL-789) due to roadwork.,100.0,22nd St,L,Bradenton Beach,Manatee,FL,34217,US,US/Eastern,KSRQ,2021-11-01 23:53:00,64.0,64.0,84.0,30.08,10.0,N,6.0,0.0,Fair,False,False,False,False,False,False,False,False,False,False,False,False,False,Night,Night,Night,Night
C-1852281,2,2021-03-10 09:15:00.000000000,2021-03-11 10:06:12.000000000,41.215744,-77.180778,41.232125,-77.133496,2.70528796883,Roadwork on US 220 northbound between PINE RUN RD and QUENESHUKNEY RD SAW MILL RD. There is a lane restriction.,,Pine Run Rd,R,Linden,Lycoming,PA,17744,US,US/Eastern,KIPT,2021-03-10 08:54:00,35.0,31.0,76.0,29.92,10.0,SSE,5.0,0.0,Fair,False,False,False,False,False,False,False,False,False,False,False,False,False,Day,Day,Day,Day
C-1852282,4,2018-11-14 15:32:59.000000000,2018-11-14 20:32:16.000000000,39.12164,-94.588,39.10733,-94.58822,0.988797172371,Closed between MO-9 and I-35/I-70/US-24/US-40 - Closed. Bridge maintenance work.,,N Broadway Fwy S,R,Kansas City,Clay,MO,64116,US,US/Central,KMKC,2018-11-14 15:54:00,41.0,37.1,31.0,30.4,10.0,SE,5.8,,Clear,False,False,False,False,True,True,False,False,False,True,False,True,False,Day,Day,Day,Day
C-1852283,2,2020-09-28 12:55:30.000000000,2020-09-29 01:30:00.000000000,30.533588,-87.286059,30.533453,-87.28186,0.250066501759,Stationary traffic on FL-10 from CR-297/Pine Forest Rd (US-90 Alt/FL-10) to US-29/FL-95/Pensacola Blvd (US-90 Alt/FL-10) due to construction work.,793.0,W Nine Mile Rd,L,Pensacola,Escambia,FL,32534-1857,US,US/Central,KPNS,2020-09-28 12:53:00,86.0,86.0,74.0,29.73,10.0,S,15.0,0.0,Fair,False,False,True,False,False,False,False,False,False,False,False,False,False,Day,Day,Day,Day
C-1852284,3,2018-11-26 10:41:51.000000000,2018-11-26 15:41:49.000000000,39.207485,-76.05937800000002,39.208471,-76.061502,0.132559244703,At MD-291/Morgnec Rd - Narrow lanes. Queuing traffic. Bridge maintenance work.,,Maple Ave,R,Chestertown,Kent,MD,21620,US,US/Eastern,KAPG,2018-11-26 11:56:00,48.2,,100.0,29.56,1.0,ENE,6.9,,Light Rain,False,False,False,False,False,False,False,False,False,False,False,False,False,Day,Day,Day,Day
C-1852285,2,2020-06-18 09:05:43.000000000,2020-06-18 15:00:00.000000000,38.0535,-84.49332,38.05497,-84.49129,0.150046222923,At US-25-byp/US-421-byp/KY-4 - Roadwork. Right lane closed.,393.0,W 4th St,R,Lexington,Fayette,KY,40508,US,US/Eastern,KLEX,2020-06-18 08:54:00,69.0,69.0,75.0,29.06,10.0,WNW,6.0,0.0,Cloudy,False,False,False,False,False,False,False,False,False,False,False,True,False,Day,Day,Day,Day
C-1852286,2,2021-11-23 13:19:30.000000000,2021-11-23 15:44:39.000000000,42.154399,-87.956475,42.154608,-87.959361,0.148529069359,Slow traffic on IL-83 from N Weiland Rd to Bank Ln due to roadwork.,122.0,E Lake Cook Rd,L,Buffalo Grove,Lake,IL,60089,US,US/Central,KPWK,2021-11-23 12:52:00,43.0,36.0,24.0,29.46,10.0,S,14.0,0.0,Fair,False,False,False,False,False,False,False,False,False,False,False,False,False,Day,Day,Day,Day
C-1852287,4,2018-08-16 18:29:50.000000000,2018-08-16 23:29:46.000000000,36.674742,-78.21105899999998,36.710281,-78.170457,3.3301092447000005,Closed between US-58 and US-58-BR/VA-47/Atlantic St - Closed for bridge demolition work.,9216.0,Highway One,R,South Hill,Mecklenburg,VA,23970-5718,US,US/Eastern,KAVC,2018-08-16 18:35:00,86.2,,68.0,30.15,10.0,South,3.5,,Clear,False,False,False,False,False,False,False,False,False,False,False,False,False,Day,Day,Day,Day
C-1852288,2,2021-11-13 17:38:30.000000000,2021-11-13 19:46:53.000000000,45.067469,-93.326851,45.069293,-93.329477,0.179731679978,Slow traffic on County Hwy-152 from 62nd Ave N to France Ave N due to roadwork.,6200.0,Brooklyn Blvd,R,Minneapolis,Hennepin,MN,55429-4034,US,US/Central,KMIC,2021-11-13 17:53:00,30.0,21.0,85.0,28.86,2.0,S,12.0,0.0,Light Snow,False,False,True,False,False,False,False,False,True,False,False,False,False,Night,Night,Day,Day
C-1852289,2,2020-06-20 02:47:55.000000000,2020-06-20 06:00:00.000000000,40.7914,-73.793,40.8178,-73.80299000000002,1.89741861277,Between Bell Blvd/Cross Is Pky/Exit 7 and Throgs Neck Bridge - Roadwork. Two lanes closed. Lane blocked.,,Throgs Neck Brg N,R,Queens,Queens,NY,11368,US,US/Eastern,KLGA,2020-06-20 02:51:00,74.0,74.0,66.0,30.03,10.0,CALM,0.0,0.0,Partly Cloudy,False,False,False,False,True,False,False,False,False,False,False,False,False,Night,Night,Night,Night
C-1852290,2,2016-11-23 09:01:32.000000000,2016-11-23 15:01:32.000000000,38.999294,-77.174275,39.00388,-77.18522,0.6676650106650001,Between Fenway Dr and Harrington Dr - Construction work.,8701.0,Clewerwall Dr,R,Bethesda,Montgomery,MD,20817,US,US/Eastern,KDCA,2016-11-23 08:52:00,39.9,,60.0,30.38,10.0,Calm,,,Partly Cloudy,False,False,True,False,False,False,False,False,False,False,False,False,False,Day,Day,Day,Day
C-1852291,2,2020-09-28 11:25:00.000000000,2020-09-28 23:38:30.000000000,26.136679,-80.16548900000002,26.136623,-80.169815,0.268362489349,Stationary traffic on FL-838 from FL-845/Powerline Rd (FL-838) to I-95 (FL-838) due to roadwork.,1739.0,W Sunrise Blvd,L,Fort Lauderdale,Broward,FL,33311,US,US/Eastern,KFXE,2020-09-28 11:53:00,88.0,88.0,65.0,29.91,10.0,SSE,6.0,0.0,Partly Cloudy,False,False,False,False,False,False,False,False,False,False,False,True,False,Day,Day,Day,Day
C-1852292,1,2021-03-21 09:00:00.000000000,2021-04-04 18:00:00.000000000,40.782059,-73.95371999999998,,,0.159999996424,Road closed due to construction on 90th St Eastbound from Park Ave to Lexington Ave.,1358.0,Lexington Ave,L,New York,New York,NY,10128-1507,US,US/Eastern,KNYC,2021-03-21 08:51:00,49.0,49.0,31.0,30.47,10.0,ENE,3.0,0.0,Fair,True,False,True,False,False,False,False,False,False,False,False,True,False,Day,Day,Day,Day
C-1852293,3,2020-07-29 20:00:00.000000000,2020-08-01 15:00:00.000000000,39.828812,-93.606308,,,4.11999988556,Road closed due to bridge maintenance work on MO-190 both ways between MO-Y and 229.,9320.0,State Highway 190,R,Chillicothe,Livingston,MO,64601-6370,US,US/Central,KCDJ,2020-07-29 19:52:00,73.0,73.0,96.0,29.06,,ENE,3.0,0.05,,False,False,False,False,False,False,False,False,False,False,False,False,False,Day,Day,Day,Day
C-1852294,2,2021-01-11 03:29:00.000000000,2021-01-11 09:58:04.000000000,36.836705,-76.196341,36.864144,-76.195204,1.89689627562,Roadwork on I-64 (I-64 HOV) from US-13/Northampton Blvd/Exit 282 (I-64 HOV) to I-64 E - I-64 W.,,I-64 E,R,Norfolk,Norfolk,VA,23502,US,US/Eastern,KORF,2021-01-11 02:59:00,33.0,29.0,78.0,30.33,10.0,S,5.0,0.0,Fair,False,False,False,False,False,False,False,False,False,False,False,False,False,Night,Night,Night,Night
C-1852295,2,2021-02-09 12:17:30.000000000,2021-02-09 12:59:00.000000000,40.578383,-75.747059,40.576757,-75.783076,1.89344500816,Slow traffic on US-22 W - I-78 W from PA-863/Exit 45 (I-78) to PA-737/Exit 40 (I-78) due to roadwork.,,I-78 W,R,Kutztown,Berks,PA,19530,US,US/Eastern,KRDG,2021-02-09 12:31:00,28.0,23.0,85.0,29.78,3.0,NNW,5.0,0.0,Cloudy,False,False,False,False,False,False,False,False,False,False,False,False,False,Day,Day,Day,Day
C-1852297,2,2021-09-08 08:42:30.000000000,2021-09-08 10:44:00.000000000,30.252678000000003,-81.45169200000002,30.256777000000003,-81.44004100000002,0.7508238169820001,Slow traffic on FL-202 E from Hodges Blvd to San Pablo Rd S due to roadwork.,,J Turner Butler Blvd E,R,Jacksonville,Duval,FL,32256,US,US/Eastern,KNIP,2021-09-08 08:53:00,80.0,80.0,87.0,29.97,10.0,SW,6.0,0.0,Mostly Cloudy,False,False,False,False,False,False,False,False,False,False,False,False,False,Day,Day,Day,Day
C-1852298,2,2021-10-27 11:46:30.000000000,2021-10-27 12:07:00.000000000,42.639121,-71.316849,42.637874,-71.314304,0.155424511502,Slow traffic on MA-110 - MA-3A from Arch St to Thorndike St due to roadwork.,450.0,Middlesex St,L,Lowell,Middlesex,MA,01851-1428,US,US/Eastern,KBED,2021-10-27 11:51:00,48.0,42.0,93.0,29.54,3.0,NNE,14.0,0.0,Light Rain,False,False,False,False,False,False,False,False,False,False,False,False,False,Day,Day,Day,Day
C-1852299,2,2021-11-02 07:58:30.000000000,2021-11-02 08:18:30.000000000,26.165672,-80.166286,26.165857,-80.160803,0.3402567191619999,Slow traffic on FL-816 from NW 21st Ave (W Oakland Park Blvd/FL-816) to I-95 (NW 31st St/W Oakland Park Blvd/FL-816) due to roadwork.,1758.0,W Oakland Park Blvd,L,Oakland Park,Broward,FL,33311-1516,US,US/Eastern,KFXE,2021-11-02 07:55:00,71.0,71.0,96.0,30.09,2.0,CALM,0.0,0.0,Light Rain,False,False,False,False,False,False,False,False,False,False,False,True,False,Day,Day,Day,Day
C-1852300,2,2020-10-22 14:19:00.000000000,2020-10-23 03:43:55.000000000,35.19867,-111.652826,35.198725,-111.65109,0.098088617717,Stationary traffic on US-180 E - I-40 Bus Loop E - I-40 Bus Loop W - US-180 W from Flagstaff to W Aspen Ave due to roadwork.,,S Milton Rd,R,Flagstaff,Coconino,AZ,86001,US,US/Mountain,KFLG,2020-10-22 13:57:00,67.0,67.0,17.0,23.22,10.0,SSW,17.0,0.0,Fair,False,False,False,False,False,False,False,False,False,False,False,False,False,Day,Day,Day,Day
C-1852301,2,2020-12-20 15:16:00.000000000,2020-12-21 03:10:47.000000000,29.876364,-95.411571,29.918764000000003,-95.412531,2.93012527248,Roadwork on Gulf Bank Rd/Exit 57 (I-45 HOV) from West Rd (I-45 HOV) to I-45 N - I-45 S.,,I-45 N,R,Houston,Harris,TX,77037,US,US/Central,KIAH,2020-12-20 14:53:00,67.0,67.0,44.0,29.96,10.0,VAR,3.0,0.0,Fair,False,False,False,False,True,False,False,False,False,False,False,False,False,Day,Day,Day,Day
C-1852302,2,2016-06-27 02:26:08.000000000,2016-06-28 02:02:24.000000000,36.06992,-79.27481,36.05906,-79.12573,8.36015748808,Between NC-119/Exit 153 and I-40 - Construction work.,,I-85 N,R,Mebane,Alamance,NC,27302,US,US/Eastern,KBUY,2016-06-27 02:54:00,64.0,,93.0,30.12,10.0,Calm,,,Clear,False,False,False,False,False,False,False,False,False,False,False,False,False,Night,Night,Night,Night
C-1852303,3,2021-03-01 02:17:17.000000000,2021-03-01 05:00:00.000000000,34.035090999999994,-118.150497,,,1.80999994278,Intermittent lane closures due to construction work on CA-60 Eastbound from I-710 to Exit 4 Atlantic Blvd.,,S Atlantic Blvd,R,Los Angeles,Los Angeles,CA,90022,US,US/Pacific,KCQT,2021-03-01 01:52:00,52.0,52.0,27.0,30.0,10.0,CALM,0.0,0.0,Fair,False,False,False,False,False,False,False,False,False,False,False,False,False,Night,Night,Night,Night
C-1852304,4,2020-05-31 04:05:15.000000000,2020-05-31 18:59:59.000000000,41.87672,-87.64548,41.87672,-87.64548,0.0,At S Clinton St - Roadwork during the night.,,Dan Ryan Expy N,R,Chicago,Cook,IL,60607,US,US/Central,KMDW,2020-05-31 03:53:00,53.0,53.0,77.0,29.63,10.0,NE,8.0,0.0,Fair,False,False,False,False,False,False,False,False,False,False,False,False,False,Night,Night,Day,Day
C-1852306,2,2018-04-10 09:08:32.000000000,2018-04-10 20:06:13.000000000,40.571943,-75.950379,40.577281,-75.798343,7.98745458097,Between 4th St/Exit 30 and PA-737/Exit 40 - Roadwork. Lane blocked. Traffic problem.,,I-78 E,R,Hamburg,Berks,PA,19526,US,US/Eastern,KRDG,2018-04-10 09:05:00,37.9,32.1,79.0,30.2,10.0,WNW,8.1,,Overcast,False,False,False,False,False,False,False,False,False,False,False,False,False,Day,Day,Day,Day
C-1852307,2,2020-09-18 12:55:30.000000000,2020-09-19 01:37:59.000000000,41.702743,-87.9405,41.697937,-87.935683,0.4147488412889999,Queuing traffic on IL-83 - IL-171 from Jeans Rd to Lemont due to roadwork.,,Kingery Hwy,R,Lemont,Cook,IL,60439,US,US/Central,KLOT,2020-09-18 12:55:00,59.0,59.0,53.0,29.65,10.0,NNE,13.0,0.0,Cloudy,False,False,False,False,False,False,False,False,False,False,False,False,False,Day,Day,Day,Day
C-1852309,2,2021-09-07 00:25:00.000000000,2021-09-11 02:00:00.000000000,41.718931,-87.80654399999996,41.736415,-87.822372,1.45790420468,Roadwork on IL-50/Cicero Ave (I-294) from 82nd/83rd St Toll Plaza (I-294) to Tri State Tollway N - I-294 N.,,I-294 N,R,Bridgeview,Cook,IL,60455,US,US/Central,KMDW,2021-09-07 00:53:00,70.0,70.0,51.0,29.22,10.0,S,8.0,0.0,Fair,False,False,False,False,False,False,False,False,False,False,False,False,False,Night,Night,Night,Night
C-1852310,2,2021-03-04 03:58:30.000000000,2021-12-07 15:45:00.000000000,33.465311,-112.239177,33.465908,-112.237849,0.0869512269397,Stationary traffic from N 84th Dr to W Palm Ln due to roadwork.,8320.0,W McDowell Rd,R,Phoenix,Maricopa,AZ,85037-4101,US,US/Mountain,KGEU,2021-05-05 13:56:00,94.0,94.0,8.0,28.76,10.0,SW,7.0,0.0,Fair,False,False,False,False,False,False,False,False,True,True,False,False,False,Night,Night,Night,Night
C-1852311,2,2021-10-20 16:00:30.000000000,2021-10-20 19:23:02.000000000,33.490049,-112.220559,33.495105,-112.220566,0.349336562095,Stationary traffic from W Thomas Rd (N 75th Ave) to W Camelback Rd (N 75th Ave) due to roadwork.,7500.0,W Mitchell Dr,R,Phoenix,Maricopa,AZ,85033-3716,US,US/Mountain,KGEU,2021-10-20 15:58:00,83.0,83.0,23.0,28.85,10.0,WSW,3.0,0.0,Fair,False,False,False,False,False,False,False,False,True,False,False,False,False,Day,Day,Day,Day
C-1852312,4,2019-06-09 07:26:33.000000000,2019-06-09 09:26:19.000000000,41.06254000000001,-81.47395999999998,41.06257,-81.47908000000002,0.266739289273,At Martha Ave/Exit 25 - Roadwork.,,I-76 W,R,Akron,Summit,OH,44305,US,US/Eastern,KAKR,2019-06-09 07:54:00,71.0,71.0,59.0,28.96,10.0,VAR,5.0,0.0,Cloudy,False,False,False,False,True,False,False,False,False,False,False,False,False,Day,Day,Day,Day
C-1852313,2,2020-10-13 12:15:17.000000000,2020-10-15 20:37:10.000000000,34.997722,-83.756508,35.002905,-83.751293,0.464070672972,Roadwork on NC-175 from Jack Rabbit Rd to Knob Hill Ln.,3368.0,Highway 175,L,Hayesville,Clay,NC,28904-6174,US,US/Eastern,KRHP,2020-10-13 12:15:00,74.0,74.0,57.0,28.27,10.0,W,6.0,0.0,Fair,False,False,False,False,False,False,False,False,False,False,False,False,False,Day,Day,Day,Day
C-1852314,2,2020-02-19 20:34:50.000000000,2020-02-21 00:00:00.000000000,41.73124,-72.75433000000002,41.73124,-72.75433000000002,0.0,At CT-71/New Britain Ave/Exit 40 - Roadwork.,,I-84 W,R,West Hartford,Hartford,CT,06107,US,US/Eastern,KHFD,2020-02-19 20:53:00,32.0,24.0,42.0,30.34,10.0,NW,10.0,0.0,Fair,False,False,False,False,False,False,False,False,False,False,False,False,False,Night,Night,Night,Night
C-1852315,4,2021-03-29 00:00:00.000000000,2021-08-08 01:57:00.000000000,31.216806,-92.360713,31.215168,-92.353407,0.4463000894569999,Bridge Construction on Palmer Chapel Rd Both Directions near Marina Rd . All Lanes Closed. Starting 3/29/2021 12:00 AM,1640.0,Palmer Chapel Rd,R,Pineville,Rapides,LA,71360-9351,US,US/Central,KESF,2021-03-29 00:53:00,44.0,44.0,93.0,30.14,8.0,CALM,0.0,0.0,Fair,False,False,False,False,False,False,False,False,False,False,False,False,False,Night,Night,Night,Night
C-1852316,4,2020-10-27 03:30:00.000000000,2020-10-27 13:15:00.000000000,33.728767,-117.983497,33.730947,-117.986297,0.220396800637,Construction on I-405 NB near BEACH BLVD Use alternate exit ramp.,,I-405 N,R,Huntington Beach,Orange,CA,92647,US,US/Pacific,KSLI,2020-10-27 03:58:00,43.0,43.0,51.0,29.99,10.0,CALM,0.0,0.0,Fair,False,False,False,False,False,False,False,False,False,False,False,False,False,Night,Night,Night,Night
C-1852317,4,2019-09-06 12:17:53.000000000,2019-09-06 17:17:29.000000000,37.96148,-100.83975,37.99373,-100.83857,2.22918935444,Closed between US-83-br and KS-156/Kansas Ave - Closed due to roadwork.,,US-83 N,R,Garden City,Finney,KS,67846,US,US/Central,KGCK,2019-09-06 11:54:00,80.0,80.0,64.0,27.15,10.0,ENE,15.0,0.0,Fair,False,False,False,False,False,False,False,False,False,False,False,False,False,Day,Day,Day,Day
C-1852318,2,2021-12-22 15:50:30.000000000,2021-12-22 18:20:17.000000000,32.951758,-117.063415,32.952569,-117.062549,0.0752385173853,Slow traffic on County Hwy-S4 from Oak Knoll Rd to Robison Blvd due to roadwork.,12355.0,Poway Rd,L,Poway,San Diego,CA,92064-4218,US,US/Pacific,KRNM,2021-12-22 15:53:00,61.0,61.0,46.0,28.52,10.0,CALM,0.0,0.0,Fair,False,False,False,False,False,False,False,False,True,False,False,False,False,Day,Day,Day,Day
C-1852319,2,2021-03-09 06:29:00.000000000,2021-12-15 12:15:00.000000000,39.606829,-75.853833,39.603912,-75.89715799999998,2.31512081464,Construction on MD-7 WB near OLD ELK NECK RD Expect long delays.,,W Pulaski Hwy,R,Elkton,Cecil,MD,21921,US,US/Eastern,KILG,2021-08-24 06:51:00,72.0,72.0,93.0,29.85,8.0,W,3.0,0.0,Fair,False,False,False,False,False,False,False,False,False,True,False,True,False,Day,Day,Day,Day
C-1852320,2,2021-09-30 17:43:34.000000000,2021-09-30 20:15:31.000000000,26.24473900000001,-80.183999,26.245866,-80.186295,0.162198301434,Slow traffic from NW 45th Ave / Aruba Way to NW 15th St due to roadwork.,,Coconut Creek Pkwy,R,Pompano Beach,Broward,FL,33066,US,US/Eastern,KFXE,2021-09-30 17:53:00,84.0,84.0,65.0,29.96,10.0,E,12.0,0.0,Fair,False,False,False,False,False,False,False,False,False,False,False,False,False,Day,Day,Day,Day
C-1852321,2,2021-02-10 12:31:00.000000000,2021-02-11 03:24:44.000000000,33.551621999999995,-112.257747,33.551738,-112.254122,0.208887125735,Slow traffic from AZ-101 (W Northern Ave) to 83rd Ave (W Northern Ave) due to roadwork.,9229.0,W Northern Ave,R,Glendale,Maricopa,AZ,85305,US,US/Mountain,KGEU,2021-02-10 12:58:00,69.0,69.0,22.0,28.74,10.0,WNW,3.0,0.0,Fair,False,False,True,False,False,False,False,False,False,False,False,False,False,Day,Day,Day,Day
C-1852322,2,2021-11-02 03:12:00.000000000,2021-11-02 06:00:00.000000000,34.076389,-118.231117,,,0.360000014305,Exit ramp from CA-110 Southbound to Academy Rd closed due to utility work.,,Arroyo Seco Pkwy,R,Los Angeles,Los Angeles,CA,90012,US,US/Pacific,KCQT,2021-11-02 02:52:00,55.0,55.0,93.0,29.95,9.0,CALM,0.0,0.0,Fair,False,False,False,False,True,False,False,False,False,False,False,False,False,Night,Night,Night,Night
C-1852323,2,2020-08-20 14:00:00.000000000,2020-08-21 00:45:00.000000000,39.85733,-83.02793,39.843399,-83.029261,0.965126280946,Construction on OH-104 EB near DYER RD Allow extra time.,1000.0,Holton Rd,R,Grove City,Franklin,OH,43123-8987,US,US/Eastern,KTZR,2020-08-20 13:50:00,79.0,,44.0,29.03,6.0,,,0.0,Fair,False,False,False,False,False,False,False,False,False,False,False,False,False,Day,Day,Day,Day
C-1852324,2,2021-12-13 15:00:56.000000000,2021-12-13 17:59:36.000000000,40.819792,-73.926822,40.818856,-73.928278,0.0998919767317,Slow traffic from E 151st St to Major Deegan Expy N due to roadwork.,593.0,Grand Concourse,L,Bronx,Bronx,NY,10451-5203,US,US/Eastern,KLGA,2021-12-13 14:51:00,54.0,54.0,24.0,30.16,10.0,WSW,10.0,0.0,Fair,True,False,False,False,False,False,True,False,False,False,False,True,False,Day,Day,Day,Day
C-1852325,2,2017-09-06 07:02:25.000000000,2017-09-06 13:02:25.000000000,43.334517,-75.749312,43.33436,-75.74797,0.068310113202,At RT-13/CR-69/Main St - Construction work.,15.0,Mexico St,R,Camden,Oneida,NY,13316-1203,US,US/Eastern,KRME,2017-09-06 06:59:00,57.9,,100.0,29.91,9.0,Calm,,0.0,Light Rain,False,False,False,False,False,False,False,False,False,False,False,False,False,Day,Day,Day,Day
C-1852326,2,2019-12-11 11:35:00.000000000,2021-12-31 03:00:15.000000000,40.684907,-80.09984399999998,40.685388,-80.09268,0.376817397141,Stationary traffic on PA-228 from US-19 (PA-228) to I-79 (PA-228) due to roadwork.,1786.0,Route 228,L,Cranberry Township,Butler,PA,16066-5320,US,US/Eastern,KBTP,2021-09-20 12:56:00,77.0,77.0,69.0,28.83,10.0,SE,7.0,0.0,Fair,False,False,False,False,False,False,False,False,False,False,False,True,False,Day,Day,Day,Day
C-1852327,2,2020-06-17 11:01:40.000000000,2020-06-18 14:13:28.000000000,41.8141,-71.44051999999998,41.82037,-71.47863000000002,2.00967085246,Between US-6A/Hartford Ave (East) and RI-128/Killingly St - Construction work. Lane blocked.,,US-6 W,R,Providence,Providence,RI,02909,US,US/Eastern,KPVD,2020-06-17 10:51:00,75.0,75.0,48.0,30.25,10.0,ESE,8.0,0.0,Fair,False,False,False,False,False,False,False,False,False,False,False,False,False,Day,Day,Day,Day
C-1852328,2,2020-10-05 01:00:00.000000000,2021-12-31 05:00:00.000000000,33.448183,-112.073795,33.448388,-112.073802,0.0141698986847,JEFFERSON ST - WASHINGTON ST - Construction - PEDESTRIAN BRIDGE CLOSEDLanesRestricted: NB&amp;#61;NONEJEFFERSON ST - WASHINGTON ST,1.0,E Washington St,R,Phoenix,Maricopa,AZ,85004-2430,US,US/Mountain,KPHX,2020-10-05 00:51:00,82.0,82.0,16.0,28.72,10.0,E,5.0,0.0,Fair,True,False,True,False,False,False,True,False,True,False,False,True,False,Night,Night,Night,Night
C-1852329,2,2021-10-12 18:19:00.000000000,2021-10-12 18:40:00.000000000,34.919156,-95.7452,34.909338,-95.745675,0.678892820326,Slow traffic on US-69 S from US-270 (US-69) to US-69 (McAlester) (US-69) due to roadwork.,,S US Highway 69,R,McAlester,Pittsburg,OK,74501,US,US/Central,KMLC,2021-10-12 18:33:00,73.0,73.0,79.0,29.02,10.0,VAR,7.0,0.0,Partly Cloudy,False,False,False,True,False,False,False,False,False,True,False,False,False,Day,Day,Day,Day
C-1852330,2,2019-06-20 00:01:00.000000000,2019-09-04 23:59:00.000000000,42.960159,-85.68103,,,0.430000007153,Shoulder closed due to construction on Butterworth St from Lexington Ave to Front Ave.,193.0,Front Ave SW,R,Grand Rapids,Kent,MI,49504,US,US/Eastern,KGRR,2019-06-20 00:53:00,63.0,63.0,90.0,28.83,7.0,NE,9.0,0.02,Rain,True,False,True,False,False,False,False,False,False,False,False,False,False,Night,Night,Night,Night
C-1852331,2,2021-12-22 15:13:00.000000000,2021-12-22 17:29:16.000000000,39.711772,-86.372837,39.705931,-86.372401,0.4042395191669999,Stationary traffic on US-40 W - IN-267 from Clarks Creek Rd / Clark Rd to Metropolis Pkwy due to roadwork.,2130.0,E Main St,R,Plainfield,Hendricks,IN,46168-1861,US,US/Eastern,KIND,2021-12-22 14:54:00,34.0,27.0,34.0,29.23,10.0,W,8.0,0.0,Fair,False,False,False,False,False,False,False,False,False,False,False,False,False,Day,Day,Day,Day
C-1852332,2,2020-08-28 14:05:30.000000000,2020-08-29 02:10:39.000000000,43.619401,-116.355803,43.620576,-116.35439,0.107639027151,Queuing traffic on ID-55 from N Hickory Ave / N Hickory Way to E Longwing Ln due to roadwork.,3187.0,E Fairview Ave,R,Meridian,Ada,ID,83642-7689,US,US/Mountain,KMAN,2020-08-28 14:15:00,84.0,84.0,23.0,27.34,5.0,VAR,5.0,0.0,Fair,False,False,False,False,False,False,False,False,False,False,False,False,False,Day,Day,Day,Day
C-1852333,2,2017-10-13 08:19:00.000000000,2017-10-13 16:00:00.000000000,43.743714,-71.409624,43.755023,-71.396294,1.02625297504,At RT-109/Governor John Wentworth Hwy - Construction work. 3 lanes closed.,750.0,Whittier Hwy,R,Moultonborough,Carroll,NH,03254-3221,US,US/Eastern,KLCI,2017-10-13 08:21:00,42.8,,100.0,30.54,0.5,Calm,,,Fog,False,False,False,False,False,False,False,False,False,False,False,False,False,Day,Day,Day,Day
C-1852334,2,2017-03-27 00:01:00.000000000,2017-03-27 23:59:00.000000000,25.70542,-80.26087199999998,,,10.38,Intermittent lane closures due to construction work on Old Cutler Rd from 63rd Ave to FL-953 42nd Ave. Follow signs.,,SW 42nd Ave,R,Miami,Miami-Dade,FL,33146,US,US/Eastern,KMIA,2017-03-27 00:53:00,72.0,,68.0,30.08,10.0,ENE,5.8,,Partly Cloudy,False,False,False,False,False,False,False,False,False,False,False,False,False,Night,Night,Night,Night
C-1852335,2,2020-08-18 12:59:47.000000000,2020-08-26 06:21:22.000000000,40.74122,-112.18838,40.72073,-112.23041,2.61665710763,Roadwork on I-80 from UT-202/Exit 104 (I-80) to UT-201/Exit 102 (I-80).,,I-80 W,R,Magna,Salt Lake,UT,84044,US,US/Mountain,KU42,2020-08-18 12:54:00,92.0,92.0,21.0,25.87,10.0,WNW,3.0,0.0,Partly Cloudy,False,False,False,False,False,False,False,False,False,False,False,False,False,Day,Day,Day,Day
C-1852336,2,2021-08-25 08:33:00.000000000,2021-08-25 19:16:04.000000000,41.21356,-75.931754,41.207859,-75.93950600000002,0.563485933692,Roadwork on E KIRMAR AV / MIDDLE RD / MAIN ST both directions between FOR SR 2008E TO 2008 W and DIVISION ST MAIN ST. There is a lane restriction.,1749.0,S Main St,R,Hanover Township,Luzerne,PA,18706-5305,US,US/Eastern,KAVP,2021-08-25 08:54:00,74.0,74.0,76.0,29.12,10.0,CALM,0.0,0.0,Fair,False,False,False,False,False,False,False,False,False,False,False,False,False,Day,Day,Day,Day
C-1852337,2,2021-11-25 11:17:30.000000000,2021-11-25 11:37:30.000000000,35.108686,-92.08737,35.112276,-92.08922,0.269184505807,Stationary traffic on AR-5 from AR-319 (AR-5) to AR-31 (AR-5) due to roadwork.,3112.0,Highway 5,L,El Paso,White,AR,72045-9718,US,US/Central,KLRF,2021-11-25 11:21:00,52.0,52.0,88.0,29.86,10.0,NNW,10.0,0.0,Cloudy,False,False,False,False,False,False,False,False,False,False,False,False,False,Day,Day,Day,Day
C-1852338,2,2021-03-19 09:00:00.000000000,2021-03-19 15:00:00.000000000,42.472183,-82.953056,,,0.0,One lane closed due to construction work on M-3 Gratiot Ave Northbound at Stephens Dr.,16200.0,Stephens Dr,R,Eastpointe,Macomb,MI,48021-1747,US,US/Eastern,KDET,2021-03-19 08:53:00,31.0,21.0,52.0,29.8,10.0,NNE,14.0,0.0,Fair,False,False,False,False,False,False,False,False,False,False,False,True,False,Day,Day,Day,Day
C-1852339,2,2021-12-11 12:43:00.000000000,2021-12-11 14:49:06.000000000,42.370244,-82.95615500000002,42.37045300000001,-82.959209,0.156563416605,Stationary traffic from Kitchener St to Kercheval Ave due to roadwork.,12750.0,E Jefferson Ave,R,Detroit,Wayne,MI,48215-2757,US,US/Eastern,KDET,2021-12-11 12:53:00,45.0,35.0,58.0,28.66,10.0,W,32.0,0.0,Mostly Cloudy / Windy,False,False,False,False,False,False,False,False,True,False,False,False,False,Day,Day,Day,Day
C-1852340,2,2021-05-14 12:59:03.000000000,2021-06-23 14:10:11.000000000,30.23237,-93.13047,30.233448,-93.140703,0.61539046795,Slow traffic on US-90 E - US-90 W from LA-397 (US-90) to I-210 (US-90) due to roadwork.,5868.0,Highway 90 E,R,Lake Charles,Calcasieu,LA,70615-4053,US,US/Central,KCWF,2021-06-23 13:55:00,82.0,82.0,79.0,30.01,7.0,CALM,0.0,0.0,Thunder,False,False,False,False,False,False,False,False,False,False,False,False,False,Day,Day,Day,Day
C-1852341,2,2020-10-19 14:31:00.000000000,2020-10-20 02:18:16.000000000,42.480404,-83.473784,42.480954,-83.476375,0.137389031292,Stationary traffic from Meadowbrook Rd (Grand River Ave) to Taft Rd (Grand River Ave) due to bridge maintenance work.,43268.0,Grand River Ave,R,Novi,Oakland,MI,48375-1736,US,US/Eastern,KPTK,2020-10-19 14:53:00,45.0,45.0,65.0,29.13,10.0,ENE,3.0,0.0,Cloudy,False,False,False,False,False,False,False,False,False,False,False,False,False,Day,Day,Day,Day
C-1852342,2,2021-05-25 19:10:00.000000000,2021-05-25 21:13:01.000000000,43.605753,-116.354867,43.604956,-116.356237,0.0879232936463999,Stationary traffic on ID-55 from E Lanark St to N Olson Ave due to roadwork.,93.0,N Eagle Rd,L,Meridian,Ada,ID,83642,US,US/Mountain,KMAN,2021-05-25 19:15:00,59.0,59.0,72.0,27.38,10.0,NW,9.0,0.0,Fair,False,False,False,False,False,False,False,False,False,False,False,False,False,Day,Day,Day,Day
C-1852343,2,2021-06-03 08:00:00.000000000,2021-06-03 19:45:00.000000000,43.587532,-92.389246,43.573224,-92.389144,0.988601829225,Construction on US-63 SB near 160TH ST Construction. Expect long delays.,13100.0,160th St,L,Spring Valley,Fillmore,MN,55975,US,US/Central,KFKA,2021-06-03 07:55:00,68.0,68.0,50.0,28.54,10.0,W,10.0,0.0,Fair,False,False,False,False,False,False,False,False,False,False,False,False,False,Day,Day,Day,Day
C-1852344,2,2020-02-04 13:39:11.000000000,2020-02-08 13:41:35.000000000,39.94324,-75.19291,39.94324,-75.19291,0.0,At University Ave/Exit 346 - Roadwork. Open.,,I-76 E,R,Philadelphia,Philadelphia,PA,19104,US,US/Eastern,KPHL,2020-02-04 13:54:00,58.0,58.0,75.0,29.78,10.0,W,7.0,0.0,Mostly Cloudy,False,False,False,False,False,False,False,False,False,False,False,False,False,Day,Day,Day,Day
C-1852345,3,2020-04-03 08:19:47.000000000,2020-04-07 08:19:01.000000000,41.87543,-87.67409,41.87558,-87.63718,1.8989278899,Between Oakley Blvd/Western Ave/Exit 27C and Congress Pky - Roadwork. Roadway reduced to 3 lanes. 2 left lanes blocked.,,Chicago-Kansas City Expressway E,R,Chicago,Cook,IL,60612,US,US/Central,KMDW,2020-04-03 07:53:00,49.0,49.0,69.0,29.42,10.0,SE,3.0,0.0,Mostly Cloudy,False,False,False,False,False,False,True,False,True,False,False,False,False,Day,Day,Day,Day
C-1852346,2,2020-07-15 14:45:00.000000000,2020-07-16 15:30:00.000000000,40.722662,-98.745889,40.722549,-98.735037,0.5683111618710001,Construction on I-80 EB near NE-10C Allow extra time.,,I-80 E,R,Shelton,Buffalo,NE,68876,US,US/Central,KEAR,2020-07-15 14:56:00,77.0,77.0,58.0,27.82,10.0,NNE,6.0,0.0,Fair,False,False,False,False,True,False,False,False,False,False,False,False,False,Day,Day,Day,Day
C-1852347,2,2020-11-21 13:47:30.000000000,2020-11-21 23:24:06.000000000,27.89453,-82.729011,27.893043,-82.729001,0.102743729616,Stationary traffic on FL-693 from US-19 (FL-693) to CR-296/Bryan Dairy Rd (FL-693) due to roadwork.,13458.0,66th St,L,Largo,Pinellas,FL,33771,US,US/Eastern,KPIE,2020-11-21 13:53:00,75.0,75.0,76.0,30.14,10.0,ENE,9.0,0.0,Cloudy,False,False,False,False,False,False,False,False,False,False,False,False,False,Day,Day,Day,Day
C-1852348,2,2021-08-10 11:41:07.000000000,2021-08-10 12:13:41.000000000,32.930045,-97.316396,32.934638,-97.314533,0.335232130473,Slow traffic from Golden Triangle Blvd exit [64] to Bewley St due to roadwork.,,I-35W N,R,Fort Worth,Tarrant,TX,76177,US,US/Central,KAFW,2021-08-10 11:53:00,89.0,89.0,55.0,29.28,10.0,S,20.0,0.0,Fair,False,False,False,False,True,False,False,False,False,False,False,False,False,Day,Day,Day,Day
C-1852349,2,2020-11-23 03:39:30.000000000,2020-11-23 05:09:00.000000000,35.081948,-95.319892,35.091314000000004,-95.349041,1.77052788825,Slow traffic on OK-2 from Yancy Rd (OK-2) to OK-31 (OK-2) due to roadwork.,,OK-2,R,Kinta,Haskell,OK,74552,US,US/Central,KGZL,2020-11-23 03:35:00,,,,29.72,0.5,CALM,0.0,0.0,Fog,False,False,False,False,False,False,False,False,False,False,False,False,False,Night,Night,Night,Night
C-1852350,3,2020-08-22 09:00:00.000000000,2020-08-22 19:00:00.000000000,32.759471999999995,-97.086693,,,0.0,Intermittent lane closures and restrictions due to construction work on I-30 Svrd Eastbound at Convention Center Dr.,,Tom Landry Fwy,R,Arlington,Tarrant,TX,76011,US,US/Central,KGPM,2020-08-22 08:50:00,73.0,73.0,65.0,29.3,10.0,ESE,7.0,0.0,Fair,False,False,False,False,False,False,False,False,False,False,False,False,False,Day,Day,Day,Day
C-1852351,2,2021-03-10 04:26:00.000000000,2021-03-10 14:23:00.000000000,40.577203,-75.622439,40.572598,-75.618197,0.388324400589,Slow traffic on PA-100 from I-78/Old US-22 (PA-100) to US-222/Trexlertown Rd (PA-100) due to roadwork.,298.0,N Route 100,L,Breinigsville,Lehigh,PA,18031-1506,US,US/Eastern,KXLL,2021-03-10 04:35:00,34.0,34.0,81.0,30.07,10.0,CALM,0.0,0.0,Fair,False,False,False,False,True,False,False,False,False,False,False,False,False,Night,Night,Night,Night
C-1852352,1,2019-09-05 23:00:00.000000000,2019-09-06 05:00:00.000000000,35.26560999999999,-80.84393,35.26443,-80.84297,0.0978785887776,At La Salle St/Exit 12 - Ramps closed. Roadwork during the night.,,I-77 S,R,Charlotte,Mecklenburg,NC,28206,US,US/Eastern,KCLT,2019-09-05 22:52:00,78.0,78.0,64.0,29.03,10.0,N,16.0,0.0,Mostly Cloudy,False,False,False,False,False,False,False,False,False,False,False,False,False,Night,Night,Night,Night
C-1852353,2,2021-04-23 05:44:30.000000000,2021-11-15 00:59:55.000000000,39.070197,-108.573182,39.070277,-108.572204,0.0527525839974,Roadwork on Broadway / Mulberry St from N 1st St / Grand Ave to CO-340.,1.0,W Grand Ave,L,Grand Junction,Mesa,CO,81501-5803,US,US/Mountain,KGJT,2021-10-28 21:53:00,47.0,44.0,66.0,25.39,10.0,S,6.0,0.0,Fair,False,False,True,False,False,False,False,False,False,True,False,True,False,Night,Night,Day,Day
C-1852354,2,2021-07-29 14:00:00.000000000,2021-10-29 20:06:00.000000000,40.927275,-80.56298000000002,40.922651,-80.5527,0.6245655310320001,Stationary traffic on Ohio Tpke E - I-76 E from I-680/Exit 234 (I-76) to OH--PA State Border (I-76) due to roadwork.,,Ohio Tpke E,R,Petersburg,Mahoning,OH,44454,US,US/Eastern,KUCP,2021-07-29 13:56:00,82.0,82.0,67.0,28.72,10.0,WSW,7.0,0.0,Mostly Cloudy,False,False,False,False,False,False,False,False,False,False,False,False,False,Day,Day,Day,Day
C-1852355,4,2019-05-06 21:10:59.000000000,2019-05-07 02:08:28.000000000,45.21222,-123.10577,45.23629,-123.06372,2.63693062386,Closed between NE Three Mile Ln/Salmon River Spur and OR-99W/Pacific Hwy W - Closed due to roadwork.,12989.0,SE Dayton Byp,L,Dayton,Yamhill,OR,97114-7452,US,US/Pacific,KMMV,2019-05-06 20:53:00,62.0,62.0,62.0,29.74,10.0,SW,8.0,0.0,Partly Cloudy,False,False,False,False,False,False,False,False,False,False,False,False,False,Night,Night,Day,Day
C-1852356,2,2017-05-24 10:35:54.000000000,2017-05-24 16:37:15.000000000,40.29301,-80.03084,40.293461,-80.03076800000002,0.0313913042315,At Baptist Rd/Corrigan Dr/S Park Rd - Roadwork. Lane blocked.,6254.0,Library Rd,R,Bethel Park,Allegheny,PA,15102-4079,US,US/Eastern,KAGC,2017-05-24 10:53:00,64.0,,58.0,29.64,10.0,SE,12.7,,Overcast,False,False,True,False,False,False,False,False,False,False,False,True,False,Day,Day,Day,Day
C-1852357,2,2021-11-12 15:28:14.000000000,2021-11-12 17:54:53.000000000,25.925838,-80.16800699999997,25.926297,-80.170043,0.130430905782,Stationary traffic on FL-826 from NE 16th Ave to NE 164th St due to roadwork.,1599.0,NE 163rd St,L,North Miami Beach,Miami-Dade,FL,33162-4717,US,US/Eastern,KHWO,2021-11-12 15:53:00,80.0,80.0,71.0,29.99,10.0,WNW,5.0,0.0,Cloudy,False,False,True,False,False,False,False,False,True,False,False,False,False,Day,Day,Day,Day
C-1852358,2,2021-10-14 16:23:47.000000000,2021-10-14 17:38:03.000000000,40.820277,-73.935808,40.81909,-73.929537,0.337998296514,Slow traffic from Lenox Ave to Grand Concourse due to roadwork.,57.0,W 145th St,L,New York,New York,NY,10039,US,US/Eastern,KNYC,2021-10-14 16:51:00,74.0,74.0,57.0,29.81,10.0,NE,6.0,0.0,Fair,False,False,True,False,False,False,False,False,False,False,False,True,False,Day,Day,Day,Day
C-1852359,2,2020-12-09 14:10:30.000000000,2020-12-09 23:29:08.000000000,25.794396,-80.236008,25.793727,-80.239823,0.2417876596979999,Slow traffic on FL-9 from NW 24th Ave to NW South River Dr due to roadwork.,2404.0,NW 20th St,L,Miami,Miami-Dade,FL,33142-7102,US,US/Eastern,KMIA,2020-12-09 13:53:00,64.0,64.0,43.0,30.15,10.0,NNW,10.0,0.0,Fair,False,False,False,False,False,False,False,False,True,False,False,False,False,Day,Day,Day,Day
C-1852360,2,2021-05-20 05:39:30.000000000,2021-05-20 14:16:00.000000000,33.467862,-112.012919,33.46537,-112.01292,0.172180811164,Stationary traffic from E Thomas Rd (N 32nd St) to AZ-202/Red Mountain Fwy (N 32nd St) due to roadwork.,1763.0,N 32nd St,R,Phoenix,Maricopa,AZ,85008-3804,US,US/Mountain,KPHX,2021-05-20 05:51:00,76.0,76.0,25.0,28.52,10.0,E,9.0,0.0,Fair,True,False,True,False,False,False,False,False,True,False,False,True,False,Day,Day,Day,Day
C-1852361,2,2016-10-24 07:41:58.000000000,2016-10-24 18:00:00.000000000,32.817895,-115.56978,32.855312,-115.568956,2.58571100788,Between Treshill Rd and 15th St - Construction work.,3083.0,N Imperial Ave,R,El Centro,Imperial,CA,92243-6311,US,US/Pacific,KIPL,2016-10-24 07:53:00,70.0,,55.0,29.96,8.0,Calm,,,Clear,False,False,False,False,False,False,False,False,False,False,False,False,False,Day,Day,Day,Day
C-1852362,2,2018-12-17 11:50:12.000000000,2018-12-17 18:00:00.000000000,26.18184500000001,-80.162514,,,0.0,Intermittent lane closures due to maintenance work on 15th Ave both ways between FL-870 Commercial Blvd and Prospect Rd.,4400.0,NW 15th Ave,R,Fort Lauderdale,Broward,FL,33309-3717,US,US/Eastern,KFXE,2018-12-17 11:53:00,66.0,,70.0,30.13,10.0,NW,8.1,,Partly Cloudy,False,False,False,False,False,False,False,False,False,False,False,False,False,Day,Day,Day,Day
C-1852363,2,2021-10-31 17:25:00.000000000,2021-10-31 19:51:50.000000000,33.491795,-112.23777,33.494264,-112.238512,0.175867739979,Slow traffic from W Trafalgar Ave to N 84th Ave due to roadwork.,3898.0,N 83rd Ave,L,Phoenix,Maricopa,AZ,85033-3453,US,US/Mountain,KGEU,2021-10-31 16:58:00,85.0,85.0,18.0,28.72,10.0,SW,7.0,0.0,Fair,True,False,False,False,False,True,False,False,True,True,False,False,False,Day,Day,Day,Day
C-1852364,2,2020-11-24 17:00:00.000000000,2020-11-25 02:45:00.000000000,33.771574,-84.321256,33.771669,-84.32486999999998,0.207672362335,Construction on GA-8 WB near LAKESHORE DR Construction. Expect long delays.,2033.0,Ponce de Leon Ave NE,R,Atlanta,DeKalb,GA,30307-1345,US,US/Eastern,KPDK,2020-11-24 16:53:00,56.0,56.0,44.0,29.17,10.0,VAR,3.0,0.0,Fair,False,False,True,False,False,False,False,False,False,False,False,True,False,Day,Day,Day,Day
C-1852365,4,2017-08-14 15:33:41.000000000,2017-08-14 21:33:45.000000000,42.00683,-96.24182,42.00752,-96.246926,0.266445083101,Closed between Nebraska/Iowa State Line and US-75/4th Ave/7th St - Closed due to roadwork.,,Highway 175,R,Onawa,Monona,IA,51040,US,US/Central,KTQE,2017-08-14 15:54:00,84.0,,37.0,29.77,10.0,North,5.8,,Clear,False,False,False,False,False,False,False,False,False,False,False,False,False,Day,Day,Day,Day
C-1852366,4,2019-08-28 21:14:07.000000000,2019-08-29 02:13:19.000000000,34.07032,-117.86433999999998,34.07032,-117.86433999999998,0.0,At Holt Ave/Exit 38B - Entry ramp closed. Construction work.,3668.0,E Holt Ave,L,West Covina,Los Angeles,CA,91791-2318,US,US/Pacific,KPOC,2019-08-28 20:47:00,73.0,73.0,69.0,28.88,10.0,WSW,8.0,,Fair,False,False,False,False,False,False,False,False,False,False,False,False,False,Night,Night,Night,Night
C-1852367,2,2020-06-03 20:43:06.000000000,2020-07-31 04:40:58.000000000,41.48484000000001,-75.68178,41.39097,-75.73244,6.99651947979,Between Clarks Summit Toll Plaza and Keyser Ave/Exit 122 - Roadwork. Right lane closed.,,I-476 S,R,Clarks Summit,Lackawanna,PA,18411,US,US/Eastern,KAVP,2020-06-03 20:54:00,71.0,71.0,66.0,28.69,10.0,WSW,3.0,0.0,Mostly Cloudy,False,False,False,False,False,False,False,False,False,False,False,False,False,Night,Day,Day,Day
C-1852368,3,2020-04-01 16:45:15.000000000,2020-04-05 16:44:31.000000000,43.63695,-113.3005,44.49214,-114.22081,74.6920489564,Between US-20/US-26/Front St and ID-28/Main St/N Challis St - Roadwork. Traffic problem.,141.0,N Front St,L,Arco,Butte,ID,83213,US,US/Mountain,KSUN,2020-04-01 16:47:00,37.0,31.0,38.0,24.46,10.0,WSW,9.0,0.0,Partly Cloudy,False,False,False,False,False,False,False,False,False,False,False,False,False,Day,Day,Day,Day
C-1852369,2,2021-09-15 11:33:30.000000000,2021-09-15 11:56:00.000000000,38.221699,-95.248518,38.197318,-95.250765,1.68897796132,Slow traffic on US-59 S - KS-31 - US-169 S - US-59 N - US-169 N from US-169/US-59/KS-31 (US-169) to US-59/KS-31 (US-169) due to roadwork.,22633.0,N Highway 169,L,Garnett,Anderson,KS,66032,US,US/Central,KUKL,2021-09-15 11:53:00,77.0,77.0,71.0,28.74,10.0,CALM,0.0,0.0,Fair,False,False,False,False,False,False,False,False,False,False,False,False,False,Day,Day,Day,Day
C-1852370,2,2020-10-15 11:50:30.000000000,2020-10-15 20:23:15.000000000,30.536194,-87.087333,30.534505,-87.08734799999998,0.116702199734,Stationary traffic on FL-281 from Cyanamid Rd (Avalon Blvd/FL-281) to I-10 (Avalon Blvd/FL-281) due to roadwork.,2761.0,Avalon Blvd,L,Milton,Santa Rosa,FL,32583-6156,US,US/Central,KNFJ,2020-10-15 11:56:00,85.0,85.0,60.0,29.95,10.0,SSE,9.0,0.0,Fair,False,False,False,False,False,False,False,False,False,False,False,False,False,Day,Day,Day,Day
C-1852371,3,2020-02-07 19:00:00.000000000,2020-02-08 05:00:00.000000000,36.95760300000001,-76.26443499999998,,,0.0,Lane closed and left hand shoulder closed due to construction work on I-64 Hampton Roads Bltwy Eastbound at Exit 273 US-60 4th View St.,,I-64 E,R,Norfolk,Norfolk,VA,23503,US,US/Eastern,,,,,,,,,,,,False,False,False,False,False,False,False,False,False,False,False,False,False,Night,Night,Night,Day
C-1852372,2,2021-11-15 17:18:03.000000000,2021-11-15 17:55:17.000000000,28.535439,-81.28564399999998,28.542069,-81.285729,0.458118424881,Slow traffic on FL-551 from Autumnvale Dr (S Goldenrod Rd/FL-551) to Valencia College Ln (N Goldenrod Rd/FL-551) due to roadwork.,701.0,S Goldenrod Rd,L,Orlando,Orange,FL,32822-8127,US,US/Eastern,KORL,2021-11-15 16:53:00,71.0,71.0,41.0,30.06,10.0,NNW,5.0,0.0,Fair,False,False,True,False,False,False,False,False,False,False,False,False,False,Day,Day,Day,Day
C-1852373,2,2020-09-29 00:03:00.000000000,2020-09-29 13:45:00.000000000,39.724113,-74.268261,39.740771,-74.256914,1.2993178267299998,Roadwork on Garden State Parkway northbound North of Exit 63B - NJ 72 West (Stafford Twp) to North of Barnegat Tolls (Ocean Twp) right lane closed to traffic until 6:00 A.M.,,Garden State Pkwy N,R,Manahawkin,Ocean,NJ,08050,US,US/Eastern,KMJX,2020-09-29 00:56:00,64.0,64.0,96.0,29.84,10.0,S,3.0,0.0,Partly Cloudy,False,False,False,False,False,False,False,False,False,False,False,False,False,Night,Night,Night,Night
C-1852374,2,2017-08-25 09:03:00.000000000,2017-08-25 15:03:00.000000000,39.69836,-75.60085,39.70485,-75.60396,0.4779221426919999,At I-95/Delaware Tpke/Exit 2/Exit 3 - Construction work.,,Airport Rd,R,New Castle,New Castle,DE,19720,US,US/Eastern,KILG,2017-08-25 08:51:00,70.0,,63.0,30.12,10.0,North,6.9,,Clear,False,False,False,False,True,False,False,False,False,False,False,True,False,Day,Day,Day,Day
C-1852375,2,2021-06-08 13:22:00.000000000,2021-06-08 15:51:38.000000000,33.468815,-111.926209,33.465808,-111.926899,0.211536051721,Slow traffic from E Palm Ln to N 70th St due to roadwork.,1905.0,N Scottsdale Rd,R,Scottsdale,Maricopa,AZ,85257-2118,US,US/Mountain,KPHX,2021-06-08 13:51:00,93.0,93.0,9.0,28.71,10.0,S,16.0,0.0,Partly Cloudy,False,False,True,False,False,False,False,False,True,False,False,False,False,Day,Day,Day,Day
C-1852376,2,2020-11-05 17:18:26.000000000,2020-11-06 18:11:18.000000000,40.353394,-74.120775,40.331244,-74.098855,1.91695763678,Roadwork roadwork on Garden State Parkway Express Lanes southbound North of Exit 109 - CR 520 (Middletown Twp) to South of Exit 109 - CR 520 (Middletown Twp) 1 Left lane of 2 lanes closed to traffic,,Garden State Pkwy S,R,Lincroft,Monmouth,NJ,07738,US,US/Eastern,KBLM,2020-11-05 16:56:00,62.0,62.0,75.0,30.19,10.0,SSE,6.0,0.0,Fair,False,False,False,False,False,False,False,False,False,False,False,False,False,Night,Night,Day,Day
C-1852377,2,2020-06-18 00:00:01.000000000,2020-06-19 00:00:01.000000000,39.85257,-104.91808,39.85257,-104.91808,0.0,At US-6/US-85/Exit 9 - Construction work.,,I-76 W,R,Commerce City,Adams,CO,80022,US,US/Mountain,KBKF,2020-06-18 00:58:00,58.0,58.0,43.0,24.39,10.0,NE,8.0,0.0,Fair,False,False,False,False,False,False,False,False,False,False,False,False,False,Night,Night,Night,Night
C-1852378,2,2020-07-31 15:31:13.000000000,2020-08-03 15:31:13.000000000,37.3481,-79.95058,37.35989,-79.95764,0.902188470122,Between US-11/Williamson Rd and I-81 - Roadwork. Right lane closed.,7478.0,Williamson Rd,L,Roanoke,Roanoke County,VA,24019-4239,US,US/Eastern,KROA,2020-07-31 15:54:00,91.0,91.0,52.0,28.59,10.0,W,12.0,0.0,Mostly Cloudy,False,False,False,False,False,False,False,False,False,False,False,True,False,Day,Day,Day,Day
C-1852379,2,2021-11-10 16:09:06.000000000,2021-11-10 16:30:01.000000000,41.836962,-71.43209300000002,41.835224,-71.42562,0.354197532783,Slow traffic on US-44 W - US-44 E from Gentian Ave (Smith St/US-44) to I-95 (Smith St/US-44) due to roadwork.,633.0,Smith St,R,Providence,Providence,RI,02908-4351,US,US/Eastern,KSFZ,2021-11-10 15:56:00,58.0,58.0,39.0,29.59,10.0,NNW,8.0,0.0,Fair,False,False,False,False,False,False,False,False,False,False,False,True,False,Day,Day,Day,Day
C-1852380,2,2021-09-15 17:19:30.000000000,2021-09-15 17:39:30.000000000,40.751588,-73.886542,40.751002,-73.892125,0.295015512874,Slow traffic from 82nd St to Brooklyn Queens Expy due to roadwork.,8001.0,35th Ave,L,Jackson Heights,Queens,NY,11372-4902,US,US/Eastern,KLGA,2021-09-15 16:51:00,83.0,83.0,65.0,29.88,10.0,SSE,14.0,0.0,Mostly Cloudy,True,False,False,False,False,False,False,False,True,False,False,True,False,Day,Day,Day,Day
C-1852381,2,2021-08-19 12:25:00.000000000,2021-08-19 12:52:00.000000000,40.317488,-86.127138,40.300973,-86.127116,1.1410784126,Slow traffic on US-31 S from W 550 N (CR-600/US-31) to IN-28/W 200 S (CR-600/US-31) due to roadwork.,6001.0,W 100 N,R,Tipton,Tipton,IN,46072-8671,US,US/Central,KOKK,2021-08-19 12:35:00,84.0,84.0,62.0,29.21,10.0,VAR,5.0,0.0,Thunder,False,False,False,False,False,False,False,False,False,False,False,False,False,Day,Day,Day,Day
C-1852382,2,2020-09-28 07:00:00.000000000,2020-09-29 00:45:00.000000000,39.651456,-75.31988100000002,39.651032,-75.316834,0.164720309932,Construction on US-40 EB near NJ-45 Allow extra time.,170.0,East Ave,R,Woodstown,Salem,NJ,08098-1335,US,US/Eastern,KILG,2020-09-28 06:51:00,68.0,68.0,93.0,29.81,10.0,SSE,7.0,0.0,Mostly Cloudy,False,False,False,False,False,False,False,False,False,False,False,False,False,Day,Day,Day,Day
C-1852383,2,2021-10-15 09:51:30.000000000,2021-10-15 10:13:00.000000000,40.67763400000001,-74.00223299999998,40.679116,-74.003419,0.119779272773,Stationary traffic on I-478 W from I-478 E to Brooklyn Queens Expy due to roadwork.,,I-478 E,R,Brooklyn,Kings,NY,11231,US,US/Eastern,KJRB,2021-10-15 09:51:00,70.0,70.0,71.0,29.86,10.0,CALM,0.0,0.0,Fair,False,False,False,False,False,False,False,False,False,False,False,False,False,Day,Day,Day,Day
C-1852384,2,2020-11-06 07:08:00.000000000,2020-11-06 08:05:30.000000000,40.578961,-75.737815,40.58055,-75.713761,1.26703619316,Slow traffic on I-78 from PA-737/Exit 40 (I-78) to PA-863/Exit 45 (I-78) due to roadwork.,,I-78 E,R,Kutztown,Berks,PA,19530,US,US/Eastern,KRDG,2020-11-06 06:54:00,45.0,45.0,90.0,29.92,10.0,CALM,0.0,0.0,Fair,False,False,False,False,False,False,False,False,False,False,False,False,False,Day,Day,Day,Day
C-1852385,2,2021-02-11 10:57:00.000000000,2021-02-11 13:17:35.000000000,36.489641,-88.924846,36.501758,-88.89912,1.65612830459,Stationary traffic on TN-215 W - TN-3 - TN-3 N - US-45E N - US-45W N - US-51 N from Albert Owens Rd (US-51) to TN--KY State Border (US-51) due to roadwork.,,TN-3 N,R,South Fulton,Obion,TN,38257,US,US/Central,KUCY,2021-02-11 10:55:00,27.0,15.0,100.0,29.82,7.0,NNE,15.0,0.0,Cloudy,False,False,False,False,False,False,False,False,False,False,False,False,False,Day,Day,Day,Day
C-1852386,2,2021-12-06 16:37:56.000000000,2021-12-06 17:31:37.000000000,25.834206,-80.265693,25.845161,-80.266122,0.7573883870929999,Stationary traffic on FL-953 from E 9th St (FL-953) to FL-934/E 25th St (FL-953) due to roadwork.,1300.0,E 8th Ave,L,Hialeah,Miami-Dade,FL,33010-3708,US,US/Eastern,KMIA,2021-12-06 16:53:00,79.0,79.0,79.0,30.04,10.0,NE,5.0,0.0,Mostly Cloudy,False,False,False,False,False,False,False,False,True,False,False,True,False,Day,Day,Day,Day
C-1852387,2,2020-04-28 07:07:56.000000000,2020-05-01 18:59:59.000000000,42.87451,-85.07503,42.75588,-85.07441999999998,8.196610669210001,Between I-96 and M-50/E Brown Rd/Grand Ledge Hwy - Construction work.,,State Rd,R,Portland,Ionia,MI,48875,US,US/Eastern,KY70,2020-04-29 07:15:00,55.0,55.0,92.0,28.66,10.0,SE,10.0,0.0,Light Drizzle,False,False,False,False,False,False,False,False,False,False,False,True,False,Day,Day,Day,Day
C-1852388,3,2020-06-24 09:10:25.000000000,2020-06-24 11:10:25.000000000,34.09547,-81.17067,34.14425,-81.23396,4.9462350471,Between SC-60/Lake Murray Blvd/Exit 102 and US-176/Exit 97 - Roadwork. Right lane closed.,,I-26 W,R,Irmo,Richland,SC,29063,US,US/Eastern,KFDW,2020-06-24 09:15:00,72.0,72.0,94.0,29.31,10.0,WNW,3.0,0.0,Fair,False,False,False,False,True,False,False,False,False,False,False,False,False,Day,Day,Day,Day
C-1852389,2,2020-10-28 17:29:00.000000000,2020-10-28 20:41:00.000000000,46.006182,-112.600153,46.004472,-112.573553,1.28203507186,Queuing traffic on I-15 from Exit 122 (I-90/I-15) to I-115/Exit 124 (I-15) due to roadwork.,,I-15 N,R,Butte,Silver Bow,MT,59701,US,US/Mountain,KBTM,2020-10-28 17:53:00,43.0,43.0,68.0,24.62,10.0,CALM,0.0,0.0,Cloudy,False,False,False,False,False,False,False,False,False,False,False,False,False,Day,Day,Day,Day
C-1852390,3,2019-10-02 04:08:37.000000000,2019-10-02 06:00:00.000000000,41.284035,-72.93499,,,0.0,Two lanes closed due to construction on I-95 Governor John Davis Lodge Tpke Southbound at Exit 44 CT-10.,,Governor John Davis Lodge Tpke S,R,New Haven,New Haven,CT,06519,US,US/Eastern,KHVN,2019-10-02 03:53:00,73.0,73.0,84.0,29.8,7.0,SSW,7.0,0.0,Mostly Cloudy,False,False,False,False,False,False,False,False,False,False,False,False,False,Night,Night,Night,Night
C-1852391,2,2021-07-11 20:00:00.000000000,2021-09-11 20:00:00.000000000,38.201049,-85.702904,38.202563,-85.702787,0.104800153328,Lane closed from Louisville East to Taylor Ave due to roadwork.,1827.0,Taylor Ave,R,Louisville,Jefferson,KY,40213-1565,US,US/Eastern,KSDF,2021-07-11 19:56:00,76.0,76.0,85.0,29.37,10.0,S,6.0,0.01,Light Rain,False,False,False,False,False,False,False,False,False,False,False,False,False,Day,Day,Day,Day
C-1852392,2,2021-09-17 15:35:20.000000000,2021-09-17 16:17:14.000000000,25.926141,-80.147565,25.925128,-80.15425400000002,0.4215062714810001,Stationary traffic on FL-826 - US-1 S - FL-5 from NE 26th Ave to US-1 due to roadwork.,2589.0,NE 163rd St,L,North Miami Beach,Miami-Dade,FL,33160-3917,US,US/Eastern,KHWO,2021-09-17 15:44:00,81.0,81.0,79.0,30.05,10.0,S,16.0,0.0,Mostly Cloudy,False,False,True,False,False,False,False,False,False,False,False,True,False,Day,Day,Day,Day
C-1852393,2,2021-04-27 08:21:00.000000000,2021-04-27 13:44:30.000000000,36.979636,-120.08223,36.992609,-120.096221,1.18308450956,Slow traffic on CA-99 N from Cleveland Ave (CA-99) to Avenue 17 (CA-99) due to roadwork.,,CA-99 N,R,Madera,Madera,CA,93637,US,US/Pacific,KMAE,2021-04-27 07:53:00,50.0,50.0,74.0,29.71,10.0,NW,7.0,0.0,Fair,False,False,False,False,True,False,False,False,False,False,False,False,False,Day,Day,Day,Day
C-1852394,2,2021-04-22 07:37:40.000000000,2021-04-22 16:58:36.000000000,42.245379,-71.033846,42.236943,-71.023821,0.7763349647679999,Stationary traffic on MA-3 S - I-93 S - US-1 S - Southeast Expy S from Columbia Rd exit [14] to exit [7] due to roadwork.,,I-93 S,R,Quincy,Norfolk,MA,02169,US,US/Eastern,KMQE,2021-04-22 07:53:00,37.0,28.0,48.0,29.6,10.0,W,15.0,0.0,Fair,False,False,False,False,False,False,False,False,False,False,False,False,False,Day,Day,Day,Day
C-1852395,2,2021-11-15 00:00:00.000000000,2021-11-20 23:59:59.000000000,38.955834,-76.823041,38.956011,-76.823063,0.0122865272573999,Landscape Maintenance and Mowing. PRINCE GEORGE'S COUNTY: MD-704 EAST/WEST FROM (MD-450) ANNAPOLIS RD TO (CO-65) ARDWICK ARDMORE RD,,Annapolis Rd,R,Bowie,Prince George's,MD,20720,US,US/Eastern,KCGS,2021-11-15 00:15:00,39.0,39.0,76.0,29.74,10.0,CALM,0.0,0.0,Partly Cloudy,False,False,True,False,False,False,False,False,False,False,False,False,False,Night,Night,Night,Night
C-1852396,2,2021-06-10 23:04:30.000000000,2021-06-11 01:05:22.000000000,41.956957,-88.341126,41.952501,-88.34078199999998,0.30838725111,Stationary traffic from CR-5/Silver Glen Rd (Randall Rd) to IL-64/W Main St (Randall Rd) due to roadwork.,,37W105 Bolcum Rd,R,Saint Charles,Kane,IL,60175,US,US/Central,KDPA,2021-06-10 22:52:00,75.0,75.0,69.0,29.07,10.0,E,3.0,0.0,Fair,False,False,False,False,False,False,False,False,False,False,False,True,False,Night,Night,Night,Night
C-1852397,2,2021-05-20 10:04:00.000000000,2021-05-20 12:29:14.000000000,30.156255,-91.330678,30.139107,-91.309973,1.71292928579,Slow traffic on LA-3066 - LA-75 from State Spur 75 to Emilie Rd due to roadwork.,66201.0,State Spur 75,R,Plaquemine,Iberville,LA,70764,US,US/Central,KBTR,2021-05-20 09:53:00,67.0,67.0,97.0,29.98,10.0,NE,3.0,0.37,Light Rain,False,False,False,False,False,False,False,False,False,False,False,False,False,Day,Day,Day,Day
C-1852398,2,2019-07-31 09:31:45.000000000,2019-08-04 09:31:06.000000000,38.864356,-77.080044,38.865051,-77.077366,0.151863532866,At Scott St - Construction work. Lane blocked.,2063.0,Columbia Pike,R,Arlington,Arlington,VA,22204-4501,US,US/Eastern,KDCA,2019-07-31 09:52:00,83.0,83.0,58.0,30.03,10.0,N,8.0,0.0,Cloudy,False,False,True,False,False,False,False,False,True,True,False,True,False,Day,Day,Day,Day
C-1852399,2,2020-01-07 10:00:00.000000000,2020-01-07 13:00:00.000000000,43.38985,-116.5733,43.3823,-116.57625,0.542278835108,Between Bowmont Rd and ID-78/Marsing Murphy Rd - Road marking work.,1485.0,Highway 45,L,Melba,Canyon,ID,83641-5129,US,US/Mountain,KMAN,2020-01-07 09:55:00,36.0,30.0,93.0,27.54,10.0,S,7.0,0.0,Fair,False,False,False,False,False,False,False,False,False,False,False,False,False,Day,Day,Day,Day
C-1852400,2,2021-12-16 23:13:00.000000000,2021-12-16 23:43:00.000000000,39.069403,-95.009436,39.069801,-95.007544,0.105151658978,Slow traffic on I-70 E - Kansas Tpke E from US-40/US-59/Exit 204 (I-70) to Eastern Terminal Toll Plaza (I-70) due to roadwork.,,I-70 E,R,Tonganoxie,Leavenworth,KS,66086,US,US/Central,KLWC,2021-12-16 22:52:00,26.0,26.0,78.0,29.22,10.0,SE,3.0,0.0,Fair,False,False,False,False,False,False,False,False,False,False,False,False,False,Night,Night,Night,Night
C-1852401,2,2018-02-05 20:00:42.000000000,2018-02-06 02:00:42.000000000,40.74958,-74.16776999999998,40.746901,-74.16736999999998,0.186281684444,Between Clay St and Division St - Construction work.,1212.0,McCarter Hwy,R,Newark,Essex,NJ,07104-3710,US,US/Eastern,KEWR,2018-02-05 19:51:00,28.0,18.6,43.0,30.28,10.0,NW,10.4,,Partly Cloudy,False,False,False,False,False,False,False,False,False,False,False,False,False,Night,Night,Night,Night
C-1852403,2,2021-04-09 07:00:00.000000000,2021-12-26 18:27:06.000000000,44.361859,-90.06998399999998,44.365489,-90.089884,1.01447310065,Construction on WI-54 WB near HEMLOCK TRL Allow extra time.,3198.0,Smith Ln,R,Wisconsin Rapids,Wood,WI,54495-9341,US,US/Central,KISW,2021-04-09 07:01:00,47.0,44.0,97.0,28.45,2.0,ENE,6.0,0.0,Light Rain,False,False,False,False,False,False,False,False,False,False,False,False,False,Day,Day,Day,Day
C-1852404,1,2021-02-20 08:00:00.000000000,2021-02-20 18:00:00.000000000,40.783901,-73.974083,,,0.270000010729,Road closed due to construction work and boom truck operation on 82nd St Eastbound from Amsterdam Ave to Columbus Ave.,98.0,W 82nd St,L,New York,New York,NY,10024-5603,US,US/Eastern,KNYC,2021-02-20 07:51:00,27.0,18.0,63.0,29.98,10.0,W,9.0,0.0,Cloudy,True,False,True,False,False,False,False,False,False,False,False,True,False,Day,Day,Day,Day
C-1852405,4,2020-10-06 23:00:00.000000000,2020-10-07 09:00:00.000000000,41.022082,-78.439838,41.020907,-78.43984300000002,0.0811851863628,Road PA-879 - PA-153 is closed from N Front St / E Market St to E Cherry St due to roadwork.,2.0,S Front St,R,Clearfield,Clearfield,PA,16830,US,US/Eastern,KFIG,2020-10-06 22:54:00,56.0,56.0,62.0,28.34,10.0,SW,7.0,0.0,Partly Cloudy,False,False,False,False,False,False,False,False,False,False,False,False,False,Night,Night,Night,Night
C-1852406,2,2021-12-14 06:58:30.000000000,2021-12-14 09:01:42.000000000,25.747759,-80.334029,25.746728,-80.33572,0.127080127958,Stationary traffic on County Hwy-913 - FL-973 - FL-972 from SW 84th Ave to SW 25th St due to roadwork.,8601.0,Coral Way,L,Miami,Miami-Dade,FL,33155-2337,US,US/Eastern,KMIA,2021-12-14 06:53:00,73.0,73.0,84.0,30.22,10.0,N,5.0,0.0,Fair,True,False,True,False,False,False,False,False,True,False,False,True,False,Night,Day,Day,Day
C-1852407,3,2021-06-10 21:00:00.000000000,2021-06-11 05:00:00.000000000,32.839375,-97.312263,,,0.0,Intermittent lane closures due to construction work on I-35W both ways at Exits 57 57A I-820 Exit 16B.,,I-35W N,R,Fort Worth,Tarrant,TX,76106,US,US/Central,KFTW,2021-06-10 20:53:00,84.0,84.0,67.0,29.09,10.0,SSE,13.0,0.0,Fair,False,False,False,False,False,False,False,False,False,False,False,False,False,Night,Day,Day,Day
C-1852408,4,2018-09-06 10:38:39.000000000,2018-09-06 12:38:14.000000000,32.837720000000004,-96.91344,32.839009999999995,-96.91426,0.101046038978,At TX-183/E Airport Fwy/Stadium Dr - Construction work.,2374.0,N Walton Walker Blvd,L,Irving,Dallas,TX,75062,US,US/Central,KDFW,2018-09-06 10:35:00,82.9,,72.0,30.08,10.0,NNW,10.4,,Mostly Cloudy,False,False,False,False,False,False,False,False,False,False,False,False,False,Day,Day,Day,Day
C-1852409,2,2021-09-15 17:21:40.000000000,2021-10-22 16:41:00.000000000,42.760108,-73.78743,42.756218,-73.77641,0.6203000153580001,Slow traffic on NY-7 from CR-151/Albany Shaker Rd (Troy Schenectady Rd/NY-7) to I-87/NY-2/Troy Schenectady Rd (NY-7) due to roadwork.,1.0,Knadler Dr,L,Latham,Albany,NY,12110-1606,US,US/Eastern,KALB,2021-09-15 17:51:00,67.0,67.0,100.0,29.66,7.0,SW,7.0,0.03,Light Rain,False,False,True,False,False,False,False,False,False,False,False,True,False,Day,Day,Day,Day
C-1852410,2,2020-08-26 12:57:26.000000000,2020-08-27 02:02:28.000000000,40.720833,-74.000644,40.718621,-74.002543,0.182339144737,Slow traffic from Broome St (Broadway) to Walker St (Broadway) due to major roadwork.,463.0,Broadway,L,New York,New York,NY,10013-2607,US,US/Eastern,KJRB,2020-08-26 12:51:00,75.0,,41.0,29.86,10.0,,,0.0,Fair,True,False,True,False,False,False,True,False,True,False,False,True,False,Day,Day,Day,Day
C-1852411,2,2020-09-25 14:45:30.000000000,2020-09-26 00:11:15.000000000,42.014257,-87.71151400000002,42.011827,-87.712688,0.178386317558,Slow traffic from Howard St to N Kimball Ave due to resurfacing work.,7334.0,McCormick Blvd,L,Skokie,Cook,IL,60076-4039,US,US/Central,KORD,2020-09-25 14:51:00,80.0,80.0,42.0,29.17,10.0,SSW,14.0,0.0,Fair,False,False,False,False,False,False,False,False,False,False,False,False,False,Day,Day,Day,Day
C-1852412,2,2021-08-05 13:23:30.000000000,2021-08-05 13:47:30.000000000,41.442651,-85.996798,41.442646,-86.001271,0.231673536325,Slow traffic on US-6 W - US-6 E from CR-9 (Grand Army of the Republic Hwy/US-6) to IN-19/Main St (Market St/US-6) due to roadwork.,460.0,E Market St,R,Nappanee,Elkhart,IN,46550-9523,US,US/Eastern,KGSH,2021-08-05 12:53:00,80.0,80.0,42.0,29.25,10.0,SSW,7.0,0.0,Fair,True,False,True,False,False,False,False,False,False,False,False,True,False,Day,Day,Day,Day
C-1852413,2,2021-12-07 08:35:00.000000000,2021-12-07 16:45:00.000000000,36.76734,-80.983773,36.769246,-80.983183,0.135680412372,Construction on IVANHOE RD NB near BRUNER HOLLOW RD Drive with caution.,4350.0,Ivanhoe Rd,R,Fries,Carroll,VA,24330-3580,US,US/Eastern,KHLX,2021-12-07 08:35:00,26.0,26.0,73.0,27.33,10.0,CALM,0.0,0.0,Fair,False,False,False,False,False,False,False,False,False,False,False,False,False,Day,Day,Day,Day
C-1852414,2,2021-01-19 15:00:00.000000000,2021-01-20 03:45:00.000000000,37.772064,-79.962419,37.776779,-79.936385,1.45865029725,On I-64 in the County of Alleghany from mile marker 15 to mile marker 19 motorists can expect potential delays in this area from 01/19/21 at 7:00 AM until 01/19/21 at 7:00 PM due to maintenance activities. The east left shoulder and left lane are closed.,,I-64 E,R,Covington,Alleghany,VA,24426,US,US/Eastern,KHSP,2021-01-19 14:55:00,32.0,21.0,83.0,26.18,10.0,W,16.0,0.0,Cloudy,False,False,False,False,False,False,False,False,False,False,False,False,False,Day,Day,Day,Day
C-1852415,2,2020-07-28 03:01:00.000000000,2020-07-28 14:46:00.000000000,34.403987,-119.530748,34.392366,-119.508422,1.5049262092700002,Construction on US-101 SB near SANTA CLAUS LN Expect delays.,,US-101 S,R,Carpinteria,Santa Barbara,CA,93013,US,US/Pacific,KSBA,2020-07-28 02:53:00,58.0,58.0,90.0,29.84,9.0,CALM,0.0,0.0,Fair,False,False,False,False,False,False,False,False,False,False,False,False,False,Night,Night,Night,Night
C-1852416,2,2020-09-17 15:01:57.000000000,2020-09-17 23:46:57.000000000,44.263083,-117.188866,44.29286,-117.22643,2.77233986375,Road maintenance operations are occurring. Use caution.,,I-84 W,R,Huntington,Malheur,OR,97907,US,US/Mountain,KONO,2020-09-17 14:53:00,82.0,82.0,22.0,27.69,3.0,NE,3.0,0.0,Haze,False,False,False,False,True,False,False,False,False,False,False,False,False,Day,Day,Day,Day
C-1852417,2,2021-09-10 15:45:00.000000000,2021-09-10 16:11:30.000000000,33.451287,-112.008067,33.451314,-112.01293,0.28035045292,Stationary traffic from N 40th St (E Van Buren St) to N 32nd St (E Van Buren St) due to roadwork.,3425.0,E Van Buren St,R,Phoenix,Maricopa,AZ,85008-6814,US,US/Mountain,KPHX,2021-09-10 15:51:00,107.0,107.0,14.0,28.66,10.0,WSW,6.0,0.0,Fair,False,False,True,False,False,False,False,False,True,False,False,True,False,Day,Day,Day,Day
C-1852418,2,2021-09-30 16:33:16.000000000,2021-09-30 16:53:58.000000000,30.433982,-91.113056,30.430821,-91.109267,0.314090781061,Stationary traffic on LA-73 from Government St (Jefferson Hwy/LA-73) to Corporate Blvd (Jefferson Hwy/LA-73) due to roadwork.,7349.0,Jefferson Hwy,L,Baton Rouge,East Baton Rouge,LA,70806-8205,US,US/Central,KBTR,2021-09-30 16:35:00,72.0,72.0,97.0,29.95,2.0,S,15.0,0.14,Heavy Rain,False,False,False,False,False,False,False,False,False,False,False,True,False,Day,Day,Day,Day
C-1852419,2,2021-02-13 06:31:30.000000000,2021-02-13 13:28:53.000000000,26.437462,-80.071784,26.439809000000004,-80.0722,0.1641918837979999,Slow traffic on US-1 N - FL-5 from Tropic Blvd to Old Dixie Hwy / Linton Blvd due to roadwork.,1911.0,S Federal Hwy,R,Delray Beach,Palm Beach,FL,33483-3300,US,US/Eastern,KBCT,2021-02-13 06:53:00,76.0,76.0,91.0,29.94,9.0,S,20.0,0.0,Partly Cloudy,False,False,True,False,False,False,False,False,False,False,False,False,False,Night,Night,Day,Day
C-1852420,2,2021-03-29 09:00:00.000000000,2021-04-02 23:59:00.000000000,40.735812,-74.53968,40.736576,-74.539654,0.05280491974,NJ DOT - STMC: guard rail repairs on US 202 northbound North of North Maple Ave (Harding Twp) to NJ 53/Tabor Rd (Morris Plains) Monday March 29th 2021 thru Friday April 2nd 2021 Monday thru Friday 09:00 AM thru 03:00 PM All lanes shift,1197.0,Mount Kemble Ave,R,Morristown,Morris,NJ,07960-6627,US,US/Eastern,KMMU,2021-03-29 09:55:00,48.0,42.0,50.0,29.8,10.0,NW,15.0,0.0,Mostly Cloudy,False,False,False,False,False,False,False,False,False,False,False,False,False,Day,Day,Day,Day
C-1852421,3,2021-06-11 20:00:00.000000000,2021-06-12 05:00:00.000000000,33.604881,-117.689087,,,0.7300000190729999,Exit ramp from I-5 Northbound at Exit 90 to Alicia Pkwy closed due to paving repairs.,25322.0,Maximus St,R,Mission Viejo,Orange,CA,92691-4518,US,US/Pacific,KSNA,2021-06-11 19:53:00,70.0,70.0,59.0,29.82,10.0,SW,8.0,0.0,Fair,False,False,False,False,False,False,False,False,False,False,False,False,False,Day,Day,Day,Day
C-1852422,2,2021-07-26 15:43:00.000000000,2021-07-26 16:06:47.000000000,33.605676,-85.84316,33.605749,-85.838876,0.246576789334,Stationary traffic on US-78 E - AL-4 from US-78 to Hamric Dr E due to roadwork.,44.0,Hamric Dr W,L,Oxford,Calhoun,AL,36203-2353,US,US/Central,KANB,2021-07-26 15:53:00,94.0,94.0,54.0,29.29,10.0,W,7.0,0.0,Fair,False,False,False,False,False,False,False,False,False,False,False,False,False,Day,Day,Day,Day
C-1852423,2,2021-10-22 16:12:00.000000000,2021-10-22 18:17:20.000000000,41.978739,-88.31441600000002,41.97672100000001,-88.31586,0.157930630688,Slow traffic on County Hwy-37 from S La Fox St / State Route 31 to State Route 31 due to roadwork.,,Stearns Rd,R,South Elgin,Kane,IL,60177,US,US/Central,KDPA,2021-10-22 15:52:00,54.0,54.0,47.0,29.18,10.0,W,9.0,0.0,Mostly Cloudy,False,False,False,False,False,False,False,False,False,False,False,False,False,Day,Day,Day,Day
C-1852424,2,2021-12-30 17:16:58.000000000,2021-12-30 19:35:03.000000000,30.478977,-91.114424,30.479837,-91.116269,0.124901227378,Stationary traffic on US-190 W - US-61 N from Greenwell Springs Rd to Victoria Dr due to roadwork.,,Airline Hwy,R,Baton Rouge,East Baton Rouge,LA,70805,US,US/Central,KBTR,2021-12-30 16:53:00,78.0,78.0,68.0,29.81,6.0,S,9.0,0.0,Haze,False,False,False,False,False,False,False,False,False,False,False,False,False,Night,Day,Day,Day
C-1852425,2,2021-08-31 10:06:00.000000000,2021-08-31 13:10:26.000000000,40.782059,-73.955688,40.787192,-73.951964,0.404644541331,Slow traffic from E 79th St (Park Ave) to E 97th St (Park Ave) due to roadwork.,,E 89th St,R,New York,New York,NY,10128,US,US/Eastern,KNYC,2021-08-31 09:51:00,79.0,79.0,62.0,29.72,10.0,VAR,3.0,0.0,Fair,True,False,True,False,False,False,False,False,False,False,False,True,False,Day,Day,Day,Day
C-1852426,2,2021-12-27 08:34:00.000000000,2021-12-27 10:40:50.000000000,28.373507,-81.505363,28.3747,-81.503915,0.12059588367,Slow traffic on FL-535 from FL-535 exit [68] to I-4 E due to roadwork.,,Horizon View Loop,R,Orlando,Orange,FL,32821,US,US/Eastern,KMCO,2021-12-27 08:53:00,65.0,65.0,90.0,30.02,10.0,VAR,3.0,0.0,Fair,False,False,True,False,False,False,False,False,False,False,False,False,False,Day,Day,Day,Day
C-1852427,2,2020-11-21 13:46:00.000000000,2020-11-22 04:27:46.000000000,25.732159,-80.38112,25.732128,-80.38385600000002,0.1703066878069999,Slow traffic on FL-976 from FL-985/SW 107th Ave (SW 40th St/Bird Rd/FL-976) to FL-821/117th Ave/Florida's Tpke (Bird Dr/SW 40th St/FL-976) due to roadwork.,11481.0,SW 40th St,R,Miami,Miami-Dade,FL,33165-3311,US,US/Eastern,KMIA,2020-11-21 13:53:00,81.0,81.0,65.0,30.07,10.0,ENE,12.0,0.0,Mostly Cloudy,False,False,False,False,False,False,False,False,True,False,False,False,False,Day,Day,Day,Day
C-1852428,2,2021-06-19 17:18:30.000000000,2021-12-21 17:10:07.000000000,33.48108,-112.255185,33.47963,-112.2545,0.1076822878599999,Stationary traffic from W Pinchot Ave to N 90th Ave / 89th Dr due to roadwork.,2932.0,N 91st Ave,L,Phoenix,Maricopa,AZ,85037-3379,US,US/Mountain,KGEU,2021-11-12 14:58:00,87.0,87.0,11.0,28.88,10.0,S,3.0,0.0,Fair,True,False,False,False,False,False,False,False,True,False,False,False,False,Day,Day,Day,Day
C-1852429,2,2021-09-07 14:28:30.000000000,2021-09-07 14:52:30.000000000,25.928828,-80.184263,25.929288,-80.18830600000003,0.253227263231,Slow traffic on FL-915 - FL-826 from N Miami Beach Blvd to NE 169th St due to roadwork.,799.0,NE 167th St,L,Miami,Miami-Dade,FL,33162-2404,US,US/Eastern,KHWO,2021-09-07 14:53:00,87.0,87.0,61.0,29.97,10.0,E,10.0,0.0,Cloudy,False,False,False,False,False,False,False,False,True,False,False,True,False,Day,Day,Day,Day
C-1852430,2,2018-12-13 19:47:29.000000000,2018-12-14 00:47:29.000000000,39.95417,-75.13949000000002,39.95488,-75.13928,0.0503014049189,At Callowhill St - Exit ramp closed. Roadwork.,231.0,N Christopher Columbus Blvd,R,Philadelphia,Philadelphia,PA,19106-1402,US,US/Eastern,KPHL,2018-12-13 19:54:00,37.9,31.5,83.0,30.44,10.0,NE,9.2,,Partly Cloudy,False,False,False,False,False,False,False,False,False,False,False,False,False,Night,Night,Night,Night
C-1852431,2,2021-07-21 22:48:00.000000000,2021-07-22 00:59:30.000000000,41.110397,-75.44202299999998,41.107732,-75.458438,0.874162924295,Stationary traffic on PA-940 from I-380 (PA-940) to PA-423/Sullivan Rd (PA-940) due to roadwork.,2233.0,Route 940,L,Pocono Pines,Monroe,PA,18350,US,US/Eastern,KMPO,2021-07-21 22:53:00,60.0,60.0,86.0,28.04,10.0,NW,8.0,0.0,Fair,False,False,False,False,False,False,False,False,False,False,False,False,False,Night,Night,Night,Night
C-1852432,2,2021-02-19 04:26:30.000000000,2021-02-19 21:27:42.000000000,33.46873,-112.151773,33.465949,-112.150697,0.201909437611,Slow traffic from W Hubbell St to N 41st Ave due to roadwork.,1913.0,N 43rd Ave,R,Phoenix,Maricopa,AZ,85009-2022,US,US/Mountain,KPHX,2021-02-19 04:51:00,48.0,48.0,30.0,29.03,10.0,E,3.0,0.0,Fair,False,False,False,False,False,False,False,False,True,True,False,False,False,Night,Night,Night,Night
C-1852433,4,2019-05-08 05:04:16.000000000,2019-05-08 10:02:45.000000000,32.86827,-117.22919,32.86805,-117.230613,0.0839683533312,Closed between I-5 and Villa La Jolla Dr - Closed due to roadwork.,3518.0,Nobel Dr,L,San Diego,San Diego,CA,92122,US,US/Pacific,KNKX,2019-05-08 04:55:00,59.0,59.0,81.0,29.51,8.0,W,5.0,0.0,Cloudy,False,False,True,False,False,False,False,False,False,False,False,True,False,Night,Night,Day,Day
C-1852434,2,2021-06-26 15:04:30.000000000,2021-11-24 00:22:00.000000000,27.84351400000001,-82.686908,27.839731,-82.684213,0.308917371013,Stationary traffic on US-19 S from CR-611/49th St (US-19) to FL-694/Gandy Blvd/Park Blvd (US-19) due to roadwork.,7848.0,US Highway 19 N,L,Pinellas Park,Pinellas,FL,33781-1708,US,US/Eastern,KPIE,2021-11-19 08:53:00,72.0,72.0,91.0,30.17,10.0,NE,3.0,0.0,Cloudy,False,False,True,False,False,False,False,False,False,False,False,True,False,Day,Day,Day,Day
C-1852435,2,2021-11-18 21:15:00.000000000,2021-11-18 21:39:30.000000000,42.70417800000001,-87.816098,42.702597,-87.816086,0.10923839557,Stationary traffic from 16th St (West Blvd) to Taylor Ave (West Blvd) due to roadwork.,3098.0,21st St,R,Racine,Racine,WI,53403-4225,US,US/Central,KRAC,2021-11-18 20:53:00,32.0,24.0,54.0,29.59,10.0,WNW,10.0,0.0,Cloudy,False,False,True,False,False,False,False,False,True,False,False,True,False,Night,Night,Night,Night
C-1852437,2,2021-09-11 19:26:30.000000000,2021-09-11 19:46:30.000000000,33.377634,-112.167094,33.377554,-112.168384,0.07463456348,Slow traffic from Phoenix to S 51st Ave due to roadwork.,,W Baseline Rd,R,Laveen,Maricopa,AZ,85339,US,US/Mountain,KPHX,2021-09-11 19:51:00,103.0,103.0,14.0,28.62,10.0,WNW,7.0,0.0,Fair,False,False,True,False,False,False,False,False,False,False,False,True,False,Night,Night,Day,Day
C-1852438,4,2020-03-04 23:03:45.000000000,2020-03-05 04:01:00.000000000,41.42046,-87.12398,41.42512,-87.11932,0.402439800014,Closed at Ballantrae St - Closed due to roadwork.,,S State Road 2,R,Valparaiso,Porter,IN,46385,US,US/Central,KVPZ,2020-03-04 22:56:00,29.0,29.0,75.0,29.27,10.0,CALM,0.0,0.0,Fair,False,False,False,False,False,False,False,False,False,False,False,False,False,Night,Night,Night,Night
C-1852439,2,2021-03-26 22:01:00.000000000,2021-12-14 08:02:07.000000000,39.286751,-84.397059,39.289065,-84.395217,0.1877905508879999,Slow traffic on US-42 S - US-42 N from E Kemper Rd (Lebanon Rd/US-42) to I-275 (Lebanon Rd/US-42) due to roadwork.,11770.0,Lebanon Rd,R,Cincinnati,Hamilton,OH,45241-2039,US,US/Eastern,KHAO,2021-10-22 13:53:00,50.0,50.0,77.0,29.4,10.0,NE,6.0,0.0,Cloudy,False,False,False,False,False,False,False,False,False,False,False,True,False,Night,Night,Night,Night
C-1852440,2,2021-12-18 23:46:00.000000000,2021-12-19 01:47:19.000000000,28.37816500000001,-81.50737099999998,28.380756,-81.505309,0.218542331012,Slow traffic on FL-535 from E Buena Vista Dr to Southwest Orange due to roadwork.,1999.0,Hotel Plaza Blvd,L,Orlando,Orange,FL,32830,US,US/Eastern,KISM,2021-12-18 23:56:00,72.0,72.0,93.0,29.98,10.0,S,5.0,0.0,Fair,False,False,False,False,False,False,False,False,False,True,False,False,False,Night,Night,Night,Night
C-1852441,2,2021-09-13 04:27:45.000000000,2021-09-13 17:00:00.000000000,41.279293,-75.89209699999998,,,1.69000005722,Lane closed due to construction work on PA-309 Northbound between Exit 4 Rutter Ave and Exit 6 Union St.,,PA-309 N,R,Luzerne,Luzerne,PA,18709,US,US/Eastern,KAVP,2021-09-13 04:54:00,73.0,73.0,76.0,28.99,10.0,SW,8.0,0.0,Fair,False,False,False,False,False,False,False,False,False,False,False,False,False,Night,Night,Night,Night
C-1852442,2,2021-07-12 15:50:30.000000000,2021-07-12 17:06:30.000000000,39.787655,-105.068953,39.79105,-105.062505,0.414990238007,Slow traffic on I-76 E from CO-121/Wadsworth Byp/Exit 1 (I-76) to CO-95/Sheridan Blvd/Exit 1 (I-76) due to roadwork.,,I-76 E,R,Arvada,Jefferson,CO,80002,US,US/Mountain,KBJC,2021-07-12 15:45:00,90.0,90.0,15.0,24.53,10.0,NE,9.0,0.0,Fair,False,False,False,False,False,False,False,False,False,False,False,False,False,Day,Day,Day,Day
C-1852443,2,2020-11-12 12:51:00.000000000,2020-11-12 22:47:00.000000000,41.627701,-84.721122,41.629621,-84.760272,2.02624800339,Slow traffic on I-90 W - I-80 W - Ohio Tpke W from CR-15/Exit 13 (I-90/I-80) to OH-49/Exit 2 (I-90/I-80) due to roadwork.,,I-80 W,R,Edon,Williams,OH,43518,US,US/Eastern,KANQ,2020-11-12 12:55:00,45.0,41.0,61.0,29.07,10.0,SE,6.0,0.0,Fair,False,False,False,False,False,False,False,False,False,False,False,False,False,Day,Day,Day,Day
C-1852444,2,2018-02-17 22:01:43.000000000,2018-02-18 06:01:43.000000000,40.771038,-73.994608,40.76206,-74.00133000000002,0.71311513009,Between 57th St and 42nd St - Construction work.,,Joe DiMaggio Hwy,R,New York,New York,NY,10019,US,US/Eastern,KNYC,2018-02-17 21:51:00,33.1,30.0,96.0,30.06,1.5,Variable,3.5,0.08,Light Snow,False,False,True,False,False,False,False,False,False,False,False,True,False,Night,Night,Night,Night
C-1852445,2,2020-11-02 12:50:00.000000000,2020-11-02 22:28:45.000000000,33.419719,-111.926285,33.42264,-111.92629,0.20182208448,Slow traffic from E Apache Blvd (S Rural Rd) to E Rio Salado Pkwy/N Scottsdale Rd (S Rural Rd) due to roadwork.,924.0,S Rural Rd,R,Tempe,Maricopa,AZ,85281-2004,US,US/Mountain,KPHX,2020-11-02 12:51:00,90.0,90.0,14.0,28.85,10.0,E,7.0,0.0,Mostly Cloudy,False,False,False,False,False,False,False,False,True,False,False,False,False,Day,Day,Day,Day
C-1852446,2,2021-02-28 09:55:30.000000000,2021-11-11 06:24:23.000000000,35.35276,-119.033234,35.35279600000001,-119.040058,0.3845604728419999,Slow traffic on CA-58 W from exit [110B] to exit [110A] due to roadwork.,,CA-58 W,R,Bakersfield,Kern,CA,93304,US,US/Pacific,KBFL,2021-02-28 09:54:00,62.0,62.0,13.0,29.68,10.0,SE,21.0,0.0,Fair / Windy,False,False,False,False,True,False,False,False,False,False,False,False,False,Day,Day,Day,Day
C-1852447,2,2020-10-10 14:57:30.000000000,2020-10-10 20:56:23.000000000,41.915942,-87.91960300000002,41.939202,-87.901273,1.86296742924,Slow traffic on I-294 from I-290/US-20/IL-64 (I-294) to IL-19/Irving Park Rd (I-294) due to roadwork.,,I-294 N,R,Melrose Park,Cook,IL,60164,US,US/Central,KORD,2020-10-10 14:51:00,68.0,68.0,52.0,29.19,10.0,NE,14.0,0.0,Mostly Cloudy,False,False,False,False,False,False,False,False,False,False,False,False,False,Day,Day,Day,Day
C-1852448,2,2021-04-27 17:03:30.000000000,2021-04-27 19:05:00.000000000,41.246548,-93.58239,41.225048,-93.58719,1.50629886072,Stationary traffic on US-69 S - US-69 N from US-65/CR-G58 (US-69) to IA-G76 (US-69) due to roadwork.,19195.0,Highway 69,L,Indianola,Warren,IA,50125-8693,US,US/Central,KDSM,2021-04-27 16:54:00,80.0,80.0,48.0,28.63,10.0,SSW,17.0,0.0,Cloudy,False,False,False,False,False,False,False,False,False,False,False,False,False,Day,Day,Day,Day
C-1852449,2,2021-05-18 06:01:00.000000000,2021-05-18 18:44:00.000000000,35.262987,-119.317206,35.23225700000001,-119.371361,3.72099841956,Construction on CA-119 WB near MP 13 Expect long delays.,,Taft Hwy,R,Taft,Kern,CA,93268,US,US/Pacific,KBFL,2021-05-18 05:54:00,62.0,62.0,52.0,29.52,8.0,CALM,0.0,0.0,Fair,False,False,False,False,False,False,False,False,False,False,False,False,False,Day,Day,Day,Day
C-1852450,2,2021-08-02 00:00:00.000000000,2021-08-03 00:45:00.000000000,39.716516,-104.979166,39.714726,-104.979202,0.123692020249,Construction on S WASHINGTON ST SB near E BAYAUD AVE Expect delays.,1.0,S Washington St,R,Denver,Denver,CO,80209-2023,US,US/Mountain,KAPA,2021-08-02 00:53:00,63.0,63.0,67.0,24.43,9.0,S,9.0,0.0,Partly Cloudy,False,False,True,False,False,False,False,False,False,True,False,False,False,Night,Night,Night,Night
C-1852451,1,2020-04-30 09:00:00.000000000,2020-04-30 17:00:00.000000000,27.75095,-97.389877,,,0.0,Road closed due to long-term construction on Fort Worth St Southbound from Texan Trl St to Rosedale Dr.,3438.0,Fort Worth St,L,Corpus Christi,Nueces,TX,78411-2459,US,US/Central,KNGP,2020-04-30 08:56:00,75.0,75.0,64.0,30.12,10.0,NE,9.0,0.0,Fair,False,False,False,False,False,False,False,False,False,False,False,False,False,Day,Day,Day,Day
C-1852452,4,2021-06-08 08:50:00.000000000,2021-06-08 15:07:21.000000000,39.989547,-76.566936,40.012572,-76.582403,1.78914747366,Roadwork on DUCKTOWN RD both directions between PISGAH RD and LINCOLN HW WALNUT SPRINGS RD. All lanes closed.,5499.0,Mount Pisgah Rd,R,York,York,PA,17406,US,US/Eastern,KMDT,2021-06-08 08:56:00,80.0,80.0,71.0,29.73,10.0,WNW,5.0,0.0,Cloudy,False,False,False,False,False,False,False,False,False,False,False,False,False,Day,Day,Day,Day
C-1852453,2,2021-02-25 00:00:00.000000000,2021-03-09 09:58:20.000000000,39.154962,-122.156234,39.152607,-122.154668,0.183074064624,Construction on 11TH ST near D ST Drive with caution.,,11th St,R,Williams,Colusa,CA,95987,US,US/Pacific,KMYV,2021-02-25 00:53:00,52.0,52.0,18.0,30.24,10.0,N,15.0,0.0,Fair,False,False,True,False,False,False,False,False,False,True,False,False,False,Night,Night,Night,Night
C-1852454,2,2021-03-01 14:35:37.000000000,2021-03-01 18:07:10.000000000,32.88799,-96.70504,32.88128,-96.692534,0.861089080239,Stationary traffic on I-635 E - LBJ Fwy E from Greenville Ave exit [18A] to exit [8B] due to roadwork.,,I-635 E,R,Dallas,Dallas,TX,75238,US,US/Central,KDAL,2021-03-01 14:53:00,57.0,57.0,47.0,29.73,10.0,ENE,7.0,0.0,Mostly Cloudy,False,False,False,False,True,False,False,False,False,False,False,False,False,Day,Day,Day,Day
C-1852455,2,2020-04-26 11:49:37.000000000,2020-04-26 13:49:37.000000000,26.08409,-80.19263000000002,26.08409,-80.19263000000002,0.0,At US-441/Florida's Tpke/Exit 8 - Roadwork. Right lane closed.,,I-595 W,R,Fort Lauderdale,Broward,FL,33312,US,US/Eastern,KFLL,2020-04-26 11:53:00,82.0,82.0,76.0,30.02,10.0,S,7.0,0.0,Cloudy,False,False,False,False,False,False,False,False,False,False,False,False,False,Day,Day,Day,Day
C-1852456,2,2020-09-24 13:59:00.000000000,2020-09-25 01:05:30.000000000,33.50923,-112.061331,33.508741,-112.065009,0.214566537226,Stationary traffic from N 10th St to E Pierson St due to roadwork.,910.0,E Camelback Rd,L,Phoenix,Maricopa,AZ,85014-3617,US,US/Mountain,KPHX,2020-09-24 13:51:00,99.0,99.0,14.0,28.65,10.0,VAR,3.0,0.0,Fair,True,False,False,False,False,False,False,False,True,False,False,False,False,Day,Day,Day,Day
C-1852457,2,2020-09-13 04:05:00.000000000,2020-09-13 04:59:00.000000000,40.735379,-73.919327,40.739202,-73.91853,0.267419364046,Slow traffic from Brooklyn Queens Expy / Laurel Hill Blvd to 48th Ave due to resurfacing work.,4699.0,Laurel Hill Blvd,L,Woodside,Queens,NY,11377,US,US/Eastern,KLGA,2020-09-13 03:51:00,65.0,65.0,73.0,30.17,10.0,E,5.0,0.0,Mostly Cloudy,False,False,False,False,False,False,False,False,True,False,False,True,False,Night,Night,Night,Night
C-1852458,2,2021-10-23 10:50:00.000000000,2021-10-23 12:51:56.000000000,26.277017,-80.09730400000002,26.275542,-80.09812099999998,0.113790323854,Stationary traffic on FL-834 - US-1 S - FL-5 from NE 39th St to NE 18th Ter due to roadwork.,3745.0,N Federal Hwy,L,Pompano Beach,Broward,FL,33064-6609,US,US/Eastern,KPMP,2021-10-23 10:53:00,79.0,79.0,82.0,29.99,10.0,N,5.0,0.0,Fair,False,False,False,False,False,False,False,False,False,False,False,False,False,Day,Day,Day,Day
C-1852459,2,2021-12-05 12:51:30.000000000,2021-12-05 14:53:00.000000000,39.776615,-105.084926,39.777334,-105.081366,0.19545847977,Slow traffic on County Hwy-58 - CO-121 from Allison St to W 45th Ave due to roadwork.,7903.0,W 44th Ave,R,Wheat Ridge,Jefferson,CO,80033-4505,US,US/Mountain,KBJC,2021-12-05 18:45:00,27.0,16.0,55.0,24.53,10.0,NE,13.0,0.0,Light Snow,False,False,False,False,False,False,False,False,True,False,False,False,False,Day,Day,Day,Day
C-1852460,2,2021-03-29 06:33:30.000000000,2021-03-29 13:24:54.000000000,33.494785,-112.071004,33.494796,-112.074622,0.20846870057,Slow traffic from N 7th St (E Indian School Rd) to N 7th Ave (W Indian School Rd) due to roadwork.,196.0,E Indian School Rd,L,Phoenix,Maricopa,AZ,85012-1819,US,US/Mountain,KPHX,2021-03-29 06:51:00,60.0,60.0,26.0,28.72,10.0,E,8.0,0.0,Partly Cloudy,True,False,False,False,False,False,False,False,True,False,False,False,False,Day,Day,Day,Day
C-1852461,2,2021-07-19 08:50:00.000000000,2021-07-29 13:18:08.000000000,40.45659000000001,-77.97479399999997,40.455535,-77.973276,0.108085827891,Roadwork on US 22 both directions between Exit: HUNTINGDON CO. FAIRGROUNDS/INDUSTRIAL PARK and JEFFERSON ST. There is a hauler restriction.,11899.0,Penn Woods Rd,R,Huntingdon,Huntingdon,PA,16652,US,US/Eastern,KAOO,2021-07-19 08:53:00,70.0,70.0,78.0,28.52,8.0,SSW,3.0,0.0,Fair,False,False,True,False,False,False,True,False,False,True,False,False,False,Day,Day,Day,Day
C-1852462,2,2021-04-14 07:01:00.000000000,2021-09-02 14:36:12.000000000,47.296661,-115.10006,47.299874,-115.113462,0.6660733775240001,Slow traffic on I-90 W from Old US-10/Sloway Frontage Rd/Exit 37 (I-90) to 2 Mile Rd/Exit 30 (I-90) due to roadwork.,,MT Highway 135,R,Saint Regis,Mineral,MT,59866,US,US/Mountain,K3TH,2021-09-02 13:53:00,57.0,57.0,34.0,24.22,10.0,CALM,0.0,0.0,Fair,False,False,False,False,False,False,False,False,False,False,False,False,False,Day,Day,Day,Day
C-1852463,2,2020-10-21 04:01:00.000000000,2020-10-21 13:46:00.000000000,34.212011,-118.348502,34.178707,-118.310989,3.1449970392,Construction on I-5 SB near HOLLYWOOD WAY Expect delays.,,Golden State Fwy S,R,Burbank,Los Angeles,CA,91504,US,US/Pacific,KBUR,2020-10-21 03:53:00,62.0,62.0,90.0,28.99,4.0,S,3.0,0.0,Cloudy,False,False,False,False,True,False,False,False,False,False,False,False,False,Night,Night,Night,Night
C-1852465,2,2020-09-22 06:43:31.000000000,2020-11-06 18:00:00.000000000,28.70311400000001,-97.046669,,,6.57000017166,Intermittent lane closures due to construction during the night on US-77 both ways from Us-59 to Fleming Prairie Rd.,5596.0,US Highway 77 S,L,Victoria,Victoria,TX,77905,US,US/Central,KVCT,2020-09-22 06:51:00,73.0,73.0,90.0,29.6,2.0,N,17.0,0.03,Light Rain,False,False,False,False,False,False,False,False,False,False,False,False,False,Night,Night,Day,Day
C-1852466,4,2020-07-09 15:14:00.000000000,2021-03-10 07:34:13.000000000,40.115312,-75.148609,40.117952,-75.13815799999998,0.581557658091,Roadwork on EDGEHILL RD / WILLOW GROVE AV both directions between TYSON AV and EASTON RD. All lanes closed.,649.0,Edge Hill Rd,R,Glenside,Montgomery,PA,19038-3836,US,US/Eastern,KLOM,2020-07-09 15:15:00,89.0,89.0,50.0,29.65,10.0,SSE,3.0,0.0,Fair,False,False,False,False,False,False,False,False,False,True,False,False,False,Day,Day,Day,Day
C-1852467,2,2020-10-19 19:56:00.000000000,2020-10-19 21:24:00.000000000,45.10149000000001,-93.456537,45.094789,-93.449494,0.576507316458,Slow traffic on I-94 from CR-30/95th Ave/Exit 213 (I-94) to I-494 (I-94) due to roadwork.,,I-94 E,R,Maple Grove,Hennepin,MN,55311,US,US/Central,KMIC,2020-10-19 19:53:00,33.0,33.0,85.0,29.31,10.0,CALM,0.0,0.0,Cloudy,False,False,False,False,True,False,False,False,False,False,False,False,False,Night,Night,Night,Day
C-1852468,3,2019-03-06 04:16:07.000000000,2019-03-06 05:00:00.000000000,33.913895000000004,-84.35208100000001,,,1.37000000477,Two lanes closed due to construction work on I-285 Westbound from Ashford Dunwoody Rd to Glenridge Conn.,,GA-407 W,R,Atlanta,Fulton,GA,30342,US,US/Eastern,KPDK,2019-03-06 03:53:00,28.0,18.1,43.0,30.34,10.0,NNW,11.5,,Clear,False,False,False,False,False,False,False,False,False,False,False,False,False,Night,Night,Night,Night
C-1852469,2,2021-08-02 13:22:00.000000000,2021-08-02 20:12:50.000000000,41.855065,-87.666129,41.852335,-87.6671,0.1951322329789999,Slow traffic from W Cullerton St to S Paulina St due to roadwork.,1600.0,W Cullerton St,R,Chicago,Cook,IL,60608-2921,US,US/Central,KMDW,2021-08-02 12:53:00,75.0,75.0,40.0,29.48,10.0,VAR,3.0,0.0,Mostly Cloudy,False,False,False,False,False,True,False,False,True,False,False,False,False,Day,Day,Day,Day
C-1852470,2,2020-11-23 20:35:00.000000000,2020-11-24 05:00:00.000000000,39.740735,-105.497535,39.740985,-105.516205,0.992068041765,Stationary traffic on I-70 W - US-40 W - US-6 W from I-70/Exit 241 (I-70) to CO-103/Exit 240 (I-70) due to roadwork.,,I-70 W,R,Idaho Springs,Clear Creek,CO,80452,US,US/Mountain,K0CO,2020-11-23 20:53:00,30.0,22.0,64.0,20.58,10.0,SE,8.0,0.0,Mostly Cloudy,False,False,False,False,True,False,False,False,False,False,False,False,False,Night,Night,Night,Night
C-1852471,2,2021-09-17 16:03:26.000000000,2021-09-17 18:09:53.000000000,45.19332,-93.394123,45.199823,-93.392209,0.458876748828,Slow traffic on US-169 N from CR-12/Dayton Rd (US-169) to US-10 (US-169) due to roadwork.,1480.0,S Ferry St,R,Anoka,Anoka,MN,55303-2152,US,US/Central,KANE,2021-09-17 15:45:00,72.0,72.0,31.0,29.16,10.0,NW,14.0,0.0,Fair,False,False,False,False,False,False,False,False,False,False,False,False,False,Day,Day,Day,Day
C-1852472,2,2020-09-08 14:00:15.000000000,2020-09-14 21:48:26.000000000,28.411576,-80.821575,28.408687,-80.795648,1.5882322411,Roadwork on FL-528 from FL-407 (FL-528) to FL-501/FL-524/Industry Rd (FL-528).,,Martin Anderson Beachline Expy,R,Cocoa,Brevard,FL,32926,US,US/Eastern,KTIX,2020-09-08 13:47:00,84.0,84.0,74.0,29.87,6.0,VAR,5.0,,Mostly Cloudy,False,False,False,False,True,False,False,False,False,False,False,False,False,Day,Day,Day,Day
C-1852473,2,2020-10-01 11:55:30.000000000,2020-10-01 14:04:00.000000000,42.081156,-122.59944099999998,42.1146,-122.621302,2.56821081426,Slow traffic on I-5 from OR-99/Exit 1 (I-5) to OR-99/Exit 11 (I-5) due to roadwork.,,I-5 N,R,Ashland,Jackson,OR,97520,US,US/Pacific,KMFR,2020-10-01 11:53:00,72.0,72.0,37.0,28.78,5.0,CALM,0.0,0.0,Smoke,False,False,False,False,False,False,False,False,False,False,False,False,False,Day,Day,Day,Day
C-1852474,2,2020-03-09 10:06:00.000000000,2020-03-16 14:16:05.000000000,39.92782,-76.25244,39.94503,-76.26032,1.26025038919,Between PA-372/Holtwood Rd/Buck Rd and Brooks Rd - Roadwork. Lane blocked. Traffic problem.,251.0,Lancaster Pike,L,New Providence,Lancaster,PA,17560,US,US/Eastern,KLNS,2020-03-09 09:53:00,48.0,48.0,44.0,29.96,10.0,WSW,3.0,0.0,Fair,False,False,False,False,False,False,False,False,False,False,False,False,False,Day,Day,Day,Day
C-1852475,2,2020-08-03 07:09:14.000000000,2020-08-04 07:09:14.000000000,40.09957,-83.10712,40.08945,-83.03754,3.74355242308,Between US-33/OH-257/Riverside Dr and OH-315 - Roadwork.,4301.0,Dale Dr,R,Dublin,Franklin,OH,43017-1496,US,US/Eastern,KOSU,2020-08-03 06:53:00,66.0,66.0,96.0,29.03,7.0,S,3.0,0.0,Fair,False,False,True,False,False,False,False,False,False,False,False,True,False,Day,Day,Day,Day
C-1852476,2,2019-08-02 21:02:34.000000000,2019-08-06 21:02:31.000000000,33.80397,-84.41144,33.8037,-84.41085,0.0386709491228,Ramp to US-41/Northside Dr NW and I-75 Southbound - Construction work.,,GA-401 S,R,Atlanta,Fulton,GA,30318,US,US/Eastern,KFTY,2019-08-02 20:53:00,78.0,78.0,84.0,29.1,10.0,CALM,0.0,0.0,Fair,False,False,False,False,True,False,False,False,False,False,False,False,False,Night,Day,Day,Day
C-1852477,4,2019-06-13 07:05:33.000000000,2019-06-13 11:38:53.000000000,43.609559,-116.597181,43.61169,-116.59445,0.200860283448,Closed at I-84/US-30 - Closed due to roadwork.,,ID-55,R,Nampa,Canyon,ID,83687,US,US/Mountain,KMAN,2019-06-13 06:55:00,59.0,59.0,100.0,27.3,10.0,NE,3.0,0.0,Fair,False,False,False,False,False,False,False,False,False,False,False,True,False,Day,Day,Day,Day
C-1852478,2,2021-12-09 07:54:00.000000000,2021-12-09 10:26:58.000000000,28.798093,-81.887654,28.803038,-81.888396,0.34460792976,Slow traffic on US-27 S - FL-25 - US-27 N - FL-44 from Gunston St to Lynch Ave due to roadwork.,1306.0,S 14th St,R,Leesburg,Lake,FL,34748-6623,US,US/Eastern,KLEE,2021-12-09 07:53:00,66.0,66.0,93.0,30.02,1.0,NE,7.0,0.0,Fog,False,False,False,False,False,False,False,False,False,False,False,False,False,Day,Day,Day,Day
C-1852479,2,2021-04-14 13:44:01.000000000,2021-04-14 18:34:30.000000000,38.874546,-83.927989,38.871655,-83.915398,0.706134303697,Stationary traffic on OH-125 from OH-756/OH-505/N Feesburg Rd (OH-125) to S Main St (State St/OH-125) due to roadwork.,4332.0,State Route 125,R,Georgetown,Brown,OH,45121,US,US/Eastern,KI69,2021-04-14 13:53:00,57.0,57.0,57.0,29.55,10.0,S,8.0,0.0,Fair,False,False,False,False,False,False,False,False,False,False,False,False,False,Day,Day,Day,Day
C-1852480,2,2021-10-28 14:46:30.000000000,2021-10-28 15:09:00.000000000,39.966674,-75.298464,39.968452,-75.29458199999998,0.239477030008,Slow traffic on US-1 N - US-1 S from Drexel Ave (Township Line Rd/US-1) to PA-3/W Chester Pike (W Township Line Rd/US-1) due to roadwork.,236.0,Township Line Rd,R,Havertown,Delaware,PA,19083,US,US/Eastern,KPHL,2021-10-28 14:54:00,64.0,64.0,54.0,29.88,10.0,ENE,6.0,0.0,Mostly Cloudy,False,False,True,False,False,False,False,False,False,True,False,True,False,Day,Day,Day,Day
C-1852481,2,2020-08-21 04:00:00.000000000,2020-08-21 12:45:00.000000000,44.973225,-93.287357,44.984444,-93.28783,0.775503716583,Construction on I-94 near MN-55 Expect long delays.,,US-12 W,R,Minneapolis,Hennepin,MN,55403,US,US/Central,KMSP,2020-08-21 03:53:00,69.0,69.0,81.0,28.94,10.0,SSE,7.0,0.0,Mostly Cloudy,False,False,True,False,True,False,False,False,False,False,False,True,False,Night,Night,Night,Night
C-1852482,2,2021-06-02 08:15:00.000000000,2021-06-02 16:00:00.000000000,33.815915999999994,-84.33431800000002,33.815721,-84.33480899999998,0.0312404939502,Lane closed on GA-236 from N Druid Hills Rd NE (Lavista Rd/GA-236) to GA-42/Briarcliff Rd (Lavista Rd/GA-236) due to roadwork.,1641.0,Lavista Rd NE,R,Atlanta,DeKalb,GA,30329-3414,US,US/Eastern,KPDK,2021-06-02 07:53:00,66.0,66.0,87.0,29.08,10.0,VAR,5.0,0.0,Fair,False,False,False,False,False,False,False,False,False,False,False,True,False,Day,Day,Day,Day
C-1852483,2,2020-04-21 08:06:06.000000000,2020-04-22 16:00:00.000000000,39.94735,-75.96883000000003,39.97792000000001,-75.83054,7.622009279360001,Between PA-41/Newport Lancaster Pike and PA-82/Strode Ave - Construction work.,121.0,Lower Valley Rd,R,Atglen,Chester,PA,19310-9724,US,US/Eastern,KMQS,2020-04-21 08:15:00,46.0,44.0,100.0,28.89,3.0,VAR,6.0,0.0,Cloudy,False,False,False,False,False,False,False,False,False,False,False,True,False,Day,Day,Day,Day
C-1852484,2,2021-10-31 17:34:30.000000000,2021-10-31 17:47:30.000000000,40.384987,-104.993257,40.396536,-104.993184,0.7979691495300001,Slow traffic on US-87 N - I-25 N from CO-402/Exit 255 (I-25) to US-34/Eisenhower Blvd (I-25) due to roadwork.,,I-25 N,R,Johnstown,Larimer,CO,80534,US,US/Mountain,KFNL,2021-10-31 17:56:00,39.0,33.0,73.0,25.11,10.0,NNE,8.0,0.0,Cloudy,False,False,False,False,False,False,False,False,False,False,False,False,False,Day,Day,Day,Day
C-1852485,4,2020-09-24 19:03:30.000000000,2020-09-26 05:54:27.000000000,40.39595300000001,-123.435288,40.40337,-123.205409,12.1065175618,Full closure due to Emergency Work between South Fork Mountain Rd and Route 3,,S Fork Mountain Rd,R,Mad River,Trinity,CA,95552,US,US/Pacific,KO54,,,,,,,,,,,False,False,False,False,False,False,False,False,False,False,False,False,False,Day,Day,Day,Day
C-1852486,2,2021-07-29 17:33:03.000000000,2021-07-29 17:55:12.000000000,33.116627,-80.30528699999998,33.121186,-80.311885,0.494981071822,Stationary traffic on US-78 W - US-78 E - SC-27 from Jedburg Rd/Mallard Rd (US-78) to SC-27/Ridgeville Rd (US-78) due to roadwork.,944.0,Highway 78,R,Ridgeville,Dorchester,SC,29472-8116,US,US/Eastern,KDYB,2021-07-29 09:35:00,82.0,82.0,89.0,29.98,9.0,CALM,0.0,0.0,Fair,False,False,False,False,False,False,False,False,False,False,False,False,False,Day,Day,Day,Day
C-1852487,2,2020-06-01 07:30:00.000000000,2020-06-05 19:00:00.000000000,40.98291,-73.86657,40.98323,-73.86646,0.0228421985724,At Ashford Ave/Exit 17 - Roadwork.,,Saw Mill River Pkwy S,R,Hastings on Hudson,Westchester,NY,10706,US,US/Eastern,KHPN,2020-06-03 07:56:00,65.0,65.0,78.0,29.19,10.0,VAR,6.0,0.0,Partly Cloudy,False,False,True,False,False,False,False,False,False,False,False,False,False,Day,Day,Day,Day
C-1852488,2,2021-09-25 14:25:00.000000000,2021-09-25 14:46:30.000000000,39.531629,-119.780946,39.535329,-119.774956,0.40895244819,Stationary traffic on NV-667 from Kuenzli St (Kietzke Ln) to I-80 Bus Loop/Victorian Ave (Kietzke Ln) due to roadwork.,,Kietzke Ln,R,Reno,Washoe,NV,89512,US,US/Pacific,KRNO,2021-09-25 14:55:00,89.0,89.0,12.0,25.55,7.0,WSW,15.0,0.0,Partly Cloudy,True,False,True,True,False,False,False,False,False,False,False,True,False,Day,Day,Day,Day
C-1852489,2,2020-12-12 15:41:00.000000000,2020-12-13 02:01:46.000000000,42.15163,-87.96023000000002,42.153656,-87.960546,0.140915995342,Slow traffic from Aptakisic Rd to S McHenry Rd due to roadwork.,101.0,S Buffalo Grove Rd,L,Buffalo Grove,Cook,IL,60089,US,US/Central,KPWK,2020-12-12 15:52:00,36.0,28.0,89.0,29.12,10.0,NNW,10.0,0.01,Cloudy,False,False,False,False,False,False,False,False,False,False,False,False,False,Day,Day,Day,Day
C-1852490,2,2020-09-28 19:49:00.000000000,2020-09-28 20:57:00.000000000,39.170905,-84.40350600000002,39.176405,-84.397906,0.484132544336,Slow traffic on I-71 from Ridge Ave/Exit 8 (I-71) to Red Bank Rd/Exit 9 (I-71) due to roadwork.,,I-71 N,R,Cincinnati,Hamilton,OH,45227,US,US/Eastern,KLUK,2020-09-28 19:53:00,58.0,58.0,84.0,29.34,10.0,CALM,0.0,0.01,Cloudy,False,False,False,False,False,False,False,False,False,False,False,False,False,Night,Day,Day,Day
C-1852491,2,2021-10-25 14:11:30.000000000,2021-10-25 14:31:30.000000000,29.887071,-96.424115,29.884741,-96.405365,1.13470319503,Stationary traffic on FM-1094 from New Bremen Rd to Triple L Ln due to roadwork.,19823.0,FM 1094,R,New Ulm,Austin,TX,78950-4945,US,US/Central,K11R,2021-10-25 14:15:00,85.0,85.0,70.0,29.62,10.0,CALM,0.0,0.0,Fair,False,False,False,False,False,False,False,False,False,False,False,False,False,Day,Day,Day,Day
C-1852492,2,2021-12-16 09:02:00.000000000,2021-12-16 09:14:00.000000000,32.336151,-108.666384,32.331677,-108.64749,1.14553199142,Slow traffic on I-10 E - US-70 E from Exit 24 (I-10) to Ulmorris Rd/Exit 29 (I-10) due to roadwork.,,I-10 E,R,Lordsburg,Hidalgo,NM,88045,US,US/Mountain,KSVC,2021-12-16 08:55:00,42.0,38.0,56.0,24.66,10.0,NNW,7.0,0.0,Fair,False,False,False,False,False,False,False,False,False,False,False,False,False,Day,Day,Day,Day
C-1852493,2,2021-04-12 06:15:00.000000000,2021-04-12 13:10:20.000000000,42.548572,-70.93669,42.531799,-70.951994,1.39644374664,Slow traffic on MA-128 S - Yankee Division Hwy S from Endicott St/Exit 24 (MA-128) to Centennial Dr/Forest St/Exit 28 (MA-128) due to roadwork.,,MA-128 S,R,Danvers,Essex,MA,01923,US,US/Eastern,KBVY,2021-04-12 05:53:00,43.0,40.0,82.0,29.66,10.0,NNE,5.0,0.0,Fair,False,False,False,False,False,False,False,False,False,False,False,False,False,Day,Day,Day,Day
C-1852494,2,2020-06-16 08:28:10.000000000,2020-06-16 15:59:59.000000000,41.5853,-73.80155,41.61134000000001,-73.78435,2.00671428587,Between RT-376 and Taconic State Pky (South) - Roadwork. Single alternate lane traffic.,952.0,State Route 82,L,Hopewell Junction,Dutchess,NY,12533-6170,US,US/Eastern,KPOU,2020-06-16 08:53:00,65.0,65.0,68.0,30.23,10.0,VAR,5.0,0.0,Fair,False,False,False,False,False,False,False,False,False,False,False,True,False,Day,Day,Day,Day
C-1852495,1,2020-04-30 06:00:00.000000000,2020-04-30 20:00:00.000000000,39.740829,-94.801193,,,0.2300000041719999,Road closed due to construction work on Pickett Rd Westbound from 39th Ter to US-169 Belt Hwy.,,Pickett Rd,R,Saint Joseph,Buchanan,MO,64503,US,US/Central,KSTJ,2020-04-30 05:53:00,45.0,42.0,86.0,29.14,10.0,N,6.0,0.0,Fair,False,False,False,False,False,False,False,False,False,False,False,True,False,Night,Day,Day,Day
C-1852496,2,2017-03-20 08:15:11.000000000,2017-03-20 14:18:06.000000000,41.18584,-79.38902,41.19112,-79.42166999999998,1.73642669105,Between PA-66/Exit 64 and PA-66/Exit 60 - Roadwork. Lane blocked.,,I-80 W,R,Clarion,Clarion,PA,16214,US,US/Eastern,KDUJ,2017-03-20 07:53:00,32.0,,79.0,30.22,10.0,Calm,,,Overcast,False,False,False,False,False,False,False,False,False,False,False,False,False,Day,Day,Day,Day
C-1852497,4,2020-12-13 02:48:00.000000000,2020-12-13 05:05:08.000000000,32.294265,-111.029021,32.30202,-111.036364,0.686308258961,Closed road from W Ruthrauff Rd to W Sunset Rd due to roadwork.,,N Casa Grande Hwy,R,Tucson,Pima,AZ,85705,US,US/Mountain,KDMA,2020-12-13 02:58:00,46.0,41.0,55.0,27.27,10.0,N,10.0,0.0,Fair,False,False,False,False,False,False,False,False,False,False,False,True,False,Night,Night,Night,Night
C-1852498,3,2017-01-03 09:00:00.000000000,2017-01-03 15:00:00.000000000,40.09166,-75.409042,,,27.6,Intermittent lane closures due to construction on I-76 both ways between Exits 339 340B US-1 and Pennsylvania Tpke I-76.,,I-76 W,R,King of Prussia,Montgomery,PA,19406,US,US/Eastern,KLOM,2017-01-03 08:55:00,37.4,30.8,100.0,29.95,2.0,ENE,9.2,0.02,Overcast,False,False,False,False,False,False,False,False,False,False,False,False,False,Day,Day,Day,Day
C-1852499,2,2021-09-29 15:37:30.000000000,2021-09-29 17:52:23.000000000,32.775296999999995,-96.811896,32.742471,-96.81846,2.29990500754,Slow traffic on Stemmons Fwy S - US-67 S - US-77 S - R L Thornton Fwy S - I-35E S from Commerce St/Reunion Blvd/Exit 428E (I-35E) to Beckley Ave/Exit 425B (I-35E) due to roadwork.,,I-35E S,R,Dallas,Dallas,TX,75207,US,US/Central,KDAL,2021-09-29 15:53:00,90.0,90.0,42.0,29.28,10.0,SSE,7.0,0.0,Partly Cloudy,False,False,False,False,True,False,False,False,False,False,False,False,False,Day,Day,Day,Day
C-1852500,2,2020-07-21 22:58:36.000000000,2020-07-22 23:43:49.000000000,47.055441,-109.534532,47.055477,-109.513265,1.0010974528799998,Construction on US-87 NB near LEWISTOWN Expect delays.,77198.0,US Highway 87,L,Lewistown,Fergus,MT,59457-3990,US,US/Mountain,KLWT,2020-07-21 22:54:00,64.0,64.0,63.0,25.65,10.0,SSE,5.0,0.0,Fair,False,False,False,False,False,False,False,False,False,False,False,False,False,Night,Night,Night,Day
C-1852501,2,2020-11-01 21:00:00.000000000,2020-11-01 22:45:00.000000000,41.688857,-93.575712,41.702862,-93.576012,0.967777110567,Construction on I-35 NB near CORPORATE WOODS DR Construction. Center lane closed.,,I-35 N,R,Ankeny,Polk,IA,50021,US,US/Central,KIKV,2020-11-01 20:55:00,28.0,28.0,64.0,29.52,10.0,CALM,0.0,0.0,Fair,False,False,False,False,False,False,False,False,False,False,False,False,False,Night,Night,Night,Night
C-1852502,2,2021-04-06 05:39:30.000000000,2021-04-06 15:02:52.000000000,39.886187,-75.524335,39.884257,-75.525917,0.157534426881,Slow traffic on US-322 W - US-322 - US-1 S from Concord Rd to Evergreen Dr due to roadwork.,771.0,Baltimore Pike,L,Glen Mills,Delaware,PA,19342-1014,US,US/Eastern,KOQN,2021-04-06 05:35:00,48.0,48.0,34.0,29.3,10.0,CALM,0.0,0.0,Fair,False,False,False,False,False,False,False,False,False,False,False,False,False,Night,Night,Day,Day
C-1852503,1,2021-12-09 10:35:36.000000000,2021-12-10 04:58:55.000000000,40.884319,-74.116798,,,0.0,Road closed due to construction work on Semel Ave both ways between Palisade Ave and Ray St.,126.0,Ray St,R,Garfield,Bergen,NJ,07026-3765,US,US/Eastern,KTEB,2021-12-09 10:51:00,36.0,29.0,48.0,30.21,10.0,NNW,9.0,0.0,Fair,False,False,False,False,False,False,False,False,False,False,False,False,False,Day,Day,Day,Day
C-1852504,2,2021-12-06 14:19:00.000000000,2021-12-06 16:21:24.000000000,32.780994,-96.737663,32.783789,-96.737489,0.193380435228,Stationary traffic from Hatcher St/Spring Ave (Dolphin Rd) to I-30/US-67/R L Thornton Fwy (Dolphin Rd) due to roadwork.,3401.0,Terrell St,R,Dallas,Dallas,TX,75223-3551,US,US/Central,KDAL,2021-12-06 13:53:00,54.0,54.0,25.0,29.69,10.0,N,15.0,0.0,Fair,False,False,False,False,False,False,False,False,False,False,False,False,False,Day,Day,Day,Day
C-1852505,2,2021-06-07 05:50:30.000000000,2021-06-07 06:43:30.000000000,41.3692,-75.446602,41.35375,-75.410682,2.14695133795,Slow traffic on I-84 E from PA-247/Exit 8 (I-84) to PA-191/Exit 17 (I-84) due to roadwork.,,I-84 E,R,Moscow,Wayne,PA,18444,US,US/Eastern,KAVP,2021-06-07 05:54:00,67.0,67.0,81.0,29.08,10.0,E,5.0,0.0,Mostly Cloudy,False,False,False,False,False,False,False,False,False,False,False,False,False,Day,Day,Day,Day
C-1852506,2,2016-11-24 09:01:07.000000000,2016-11-24 15:01:07.000000000,39.386835,-76.663294,39.383036,-76.66185,0.273578614508,At Northern Pky/Exit 10 - Construction work.,,I-83 S,R,Baltimore,Baltimore County,MD,21209,US,US/Eastern,KDMH,2016-11-24 08:54:00,45.0,,71.0,30.22,,North,,,,False,False,False,False,False,False,False,False,False,False,False,False,False,Day,Day,Day,Day
C-1852507,2,2020-07-16 19:18:01.000000000,2020-07-21 07:43:59.000000000,40.789061,-73.950598,40.788412,-73.949051,0.092520049517,Construction on E 100TH ST near LEXINGTON AVE Allow extra time.,1323.0,Park Ave,R,New York,New York,NY,10029-6008,US,US/Eastern,KNYC,2020-07-16 18:51:00,72.0,72.0,59.0,30.17,10.0,VAR,5.0,0.0,Fair,True,False,True,False,False,False,False,False,True,False,False,True,False,Day,Day,Day,Day
C-1852508,2,2021-11-03 16:21:00.000000000,2021-11-03 18:24:10.000000000,33.392246,-112.062183,33.392236,-112.065291,0.1792945282169999,Stationary traffic from S 16th St (E Southern Ave) to S Central Ave (Southern Ave) due to roadwork.,801.0,E Southern Ave,R,Phoenix,Maricopa,AZ,85040-3144,US,US/Mountain,KPHX,2021-11-03 15:51:00,84.0,84.0,17.0,28.75,10.0,WNW,7.0,0.0,Fair,False,False,False,False,False,False,False,False,True,True,False,False,False,Day,Day,Day,Day
C-1852509,2,2020-07-15 14:00:00.000000000,2020-07-16 00:45:00.000000000,29.713242,-96.485767,29.714258,-96.478655,0.432515282669,Construction on US-90 EB near I-10 Expect delays.,,I-10 E,R,Alleyton,Colorado,TX,78935,US,US/Central,K3T5,2020-07-15 13:55:00,98.0,98.0,42.0,29.62,10.0,S,10.0,0.0,Fair,False,False,False,False,True,False,False,False,False,False,False,False,False,Day,Day,Day,Day
C-1852510,2,2020-09-21 14:13:00.000000000,2020-09-22 15:04:12.000000000,40.381343,-79.81244000000002,40.379384,-79.80704,0.314800821636,Construction on US-30 EB near BROADWAY AVE Allow extra time.,1200.0,Broadway St,R,East Mc Keesport,Allegheny,PA,15035-1608,US,US/Eastern,KAGC,2020-09-21 13:53:00,63.0,63.0,37.0,29.12,10.0,S,6.0,0.0,Fair,False,False,False,False,False,False,False,False,False,False,False,True,False,Day,Day,Day,Day
C-1852511,2,2021-04-30 06:56:30.000000000,2021-11-03 18:04:36.000000000,33.509445,-112.129877,33.509443,-112.135015,0.29599885781,Slow traffic from 27th Ave (W Camelback Rd) to US-60/43rd Ave (W Camelback Rd) due to roadwork.,4999.0,N 33rd Ave,R,Phoenix,Maricopa,AZ,85017,US,US/Mountain,KPHX,2021-11-03 15:51:00,84.0,84.0,17.0,28.75,10.0,WNW,7.0,0.0,Fair,True,False,True,False,False,True,False,False,True,False,False,True,False,Day,Day,Day,Day
C-1852512,2,2021-03-24 15:57:30.000000000,2021-04-18 13:03:00.000000000,41.983459,-87.81800799999998,41.98402700000001,-87.846409,1.45918993766,Slow traffic on I-90 W - Kennedy Expy W from IL-43/Harlem Ave (I-90) to I-190/Exit 78 (I-90) due to roadwork.,,Kennedy Expy W,R,Chicago,Cook,IL,60631,US,US/Central,KORD,2021-04-18 09:51:00,53.0,53.0,47.0,29.2,10.0,SSW,5.0,0.0,Partly Cloudy,False,False,False,False,True,False,False,False,False,False,False,False,False,Day,Day,Day,Day
C-1852513,2,2021-05-17 03:18:00.000000000,2021-05-17 09:09:31.000000000,42.694761,-87.914565,42.696818,-87.914597,0.14213445348,Roadwork on Braun Rd from Durand Ave to County Hwy-H.,3153.0,County Road H,L,Sturtevant,Racine,WI,53177-1902,US,US/Central,KRAC,2021-05-17 02:53:00,51.0,51.0,89.0,29.44,8.0,CALM,0.0,0.0,Fair,False,False,False,False,False,False,False,False,False,False,False,False,False,Night,Night,Night,Night
C-1852514,2,2021-12-20 17:50:05.000000000,2021-12-20 18:40:31.000000000,28.303732,-81.456375,28.304358,-81.444953,0.696178042206,Stationary traffic on US-192 E from CR-535/Vineland Rd (US-192) to N Airport Rd/N Hoagland Blvd (US-192) due to roadwork.,4374.0,W Vine St,L,Kissimmee,Osceola,FL,34746-6313,US,US/Eastern,KISM,2021-12-20 17:56:00,67.0,67.0,90.0,29.94,8.0,NNE,13.0,0.0,Cloudy,False,False,True,False,False,False,False,False,False,False,False,True,False,Night,Day,Day,Day
C-1852515,2,2021-11-03 16:15:21.000000000,2021-11-03 17:07:21.000000000,30.483043,-91.117482,30.47894,-91.114553,0.332842581746,Stationary traffic on US-61 S - US-190 E from Evangeline St (US-61) to LA-37/Greenwell Springs Rd (US-61) due to roadwork.,7200.0,Airline Hwy,R,Baton Rouge,East Baton Rouge,LA,70805-5504,US,US/Central,KBTR,2021-11-03 15:53:00,70.0,70.0,55.0,30.04,10.0,N,6.0,0.0,Fair,False,False,False,False,False,False,False,False,False,False,False,False,False,Day,Day,Day,Day
C-1852516,2,2020-02-19 09:00:00.000000000,2020-02-19 15:30:00.000000000,39.77435,-105.08144,39.77435,-105.08144,0.0,At W 38th Ave - Maintenance work.,4224.0,Wadsworth Blvd,R,Wheat Ridge,Jefferson,CO,80033-4620,US,US/Mountain,KBJC,2020-02-19 08:45:00,23.0,12.0,74.0,24.55,10.0,N,12.0,0.0,Cloudy,False,False,True,False,False,False,False,False,False,False,False,True,False,Day,Day,Day,Day
C-1852517,2,2017-01-03 10:41:41.000000000,2017-03-31 15:30:00.000000000,37.30438,-121.86182,37.305918,-121.863358,0.135782899197,At Stauffer Blvd - Roadwork.,2160.0,Monterey Hwy,R,San Jose,Santa Clara,CA,95112-6016,US,US/Pacific,KSJC,2017-01-03 10:53:00,53.1,,69.0,30.04,10.0,ESE,17.3,0.0,Overcast,False,False,True,False,False,False,False,False,False,False,False,False,False,Day,Day,Day,Day
C-1852518,2,2016-06-26 08:49:54.000000000,2016-06-26 14:49:58.000000000,38.99794,-84.64678,39.0149,-84.62743,1.5660526354,Between Steinberg Dr/Exit 180 and KY-1017/Turfway Rd/Exit 182 - Construction work.,,I-75 N,R,Florence,Boone,KY,41042,US,US/Eastern,KCVG,2016-06-26 08:52:00,79.0,,69.0,30.1,10.0,SSW,8.1,,Clear,False,False,False,False,True,False,False,False,False,False,False,False,False,Day,Day,Day,Day
C-1852519,2,2021-11-17 11:46:30.000000000,2021-11-17 12:27:36.000000000,40.878852,-73.873488,40.881083,-73.87849399999998,0.303564703835,Slow traffic from Bronx River Pkwy (E Gun Hill Rd) to Jerome Ave (Gun Hill Rd) due to roadwork.,328.0,E Gun Hill Rd,R,Bronx,Bronx,NY,10467-2208,US,US/Eastern,KLGA,2021-11-17 11:51:00,54.0,54.0,43.0,30.26,10.0,S,13.0,0.0,Mostly Cloudy,False,False,False,False,False,False,False,False,False,False,False,True,False,Day,Day,Day,Day
C-1852520,2,2021-10-18 02:42:36.000000000,2021-10-20 23:59:00.000000000,35.111027,-106.702769,35.105627,-106.704959,0.393102725807,Roadwork on Ladera Dr/St Josephs Dr (Coors Blvd/NM-448) from I-40 (Coors Blvd/NM-448) to NM-45 - NM-448.,,Coors Blvd NW,R,Albuquerque,Bernalillo,NM,87120,US,US/Mountain,KAEG,2021-10-18 02:35:00,47.0,47.0,55.0,24.28,10.0,CALM,0.0,0.0,Fair,False,False,False,False,False,False,False,False,False,False,False,False,False,Night,Night,Night,Night
C-1852521,2,2020-08-10 19:26:00.000000000,2021-12-01 02:45:00.000000000,33.446191,-94.754837,33.463081,-94.767707,1.38285429895,Construction on FM-911 NB near FM-44 Expect long delays.,7299.0,FM 911,R,Avery,Red River,TX,75554,US,US/Central,KLBR,2020-08-10 19:56:00,,,,29.34,10.0,SSE,8.0,0.0,Fair,False,False,False,False,False,False,False,False,False,False,False,False,False,Day,Day,Day,Day
C-1852522,2,2019-05-09 09:04:18.000000000,2019-05-13 09:03:35.000000000,33.928401,-84.551156,33.932672,-84.548538,0.3310711698519999,At Pearl St SE - Construction work. Right lane blocked.,1004.0,S Cobb Dr,R,Marietta,Cobb,GA,30060-3304,US,US/Eastern,KMGE,2019-05-09 08:56:00,68.0,68.0,84.0,28.92,10.0,SE,12.0,0.0,Mostly Cloudy,False,False,False,False,False,False,False,False,False,False,False,False,False,Day,Day,Day,Day
C-1852524,2,2021-10-14 15:36:38.000000000,2021-10-14 15:56:38.000000000,40.747053,-73.979231,40.747702,-73.980754,0.0914671258287,Slow traffic from Tunnel Exit St to Park Ave due to roadwork.,255.0,Lexington Ave,R,New York,New York,NY,10016-4605,US,US/Eastern,KNYC,2021-10-14 15:51:00,75.0,75.0,55.0,29.8,10.0,VAR,7.0,0.0,Fair,True,False,False,False,False,False,False,False,False,False,False,True,False,Day,Day,Day,Day
C-1852525,4,2016-12-09 09:00:47.000000000,2016-12-09 15:00:47.000000000,38.653141,-83.75774,38.65148,-83.75878,0.127749440539,Closed at 3rd St - Closed due to roadwork.,,Simon Kenton Brg,R,Aberdeen,Brown,OH,45101,US,US/Eastern,KI69,2016-12-09 08:56:00,22.1,12.0,69.0,30.52,10.0,West,9.2,,Light Snow,False,False,False,False,False,False,False,False,False,False,False,False,False,Day,Day,Day,Day
C-1852526,2,2018-08-13 08:30:00.000000000,2018-08-13 16:00:00.000000000,44.240732,-115.212316,44.286924,-115.226088,3.26350064039,At NF-520/Bull Trout Lake Rd - Maintenance work.,,ID-21,R,Garden Valley,Boise,ID,83622,US,US/Mountain,KBOI,2018-08-13 08:53:00,64.0,,48.0,29.97,10.0,Calm,,,Clear,False,False,False,False,False,False,False,False,False,False,False,False,False,Day,Day,Day,Day
C-1852527,3,2020-05-08 08:00:00.000000000,2020-05-08 17:00:00.000000000,32.694340000000004,-96.630234,,,0.0,Intermittent lane closures due to construction on I-20 Eastbound at I-635.,,I-20 E,R,Balch Springs,Dallas,TX,75180,US,US/Central,KHQZ,2020-05-08 07:50:00,63.0,63.0,100.0,29.39,10.0,ENE,3.0,0.0,Cloudy,False,False,False,False,False,False,False,False,False,False,False,False,False,Day,Day,Day,Day
C-1852528,2,2021-10-25 04:22:01.000000000,2021-10-25 14:00:00.000000000,40.53632,-80.18396,,,0.0,Lane closed due to construction work on PA-65 Ohio River Blvd Northbound at Broad St.,500.0,Ohio River Blvd,R,Sewickley,Allegheny,PA,15143-1865,US,US/Eastern,KPIT,2021-10-25 04:51:00,59.0,59.0,72.0,28.55,10.0,SSW,8.0,0.0,Mostly Cloudy,False,False,True,False,False,False,False,False,False,False,False,False,False,Night,Night,Night,Night
C-1852529,2,2021-04-05 07:29:00.000000000,2021-04-05 23:59:59.000000000,41.556804,-74.425173,41.401694,-74.34064599999998,11.575869032,NYSDOT - Region 8: moving operation and pothole repair on NY 17 eastbound between Exit 116 - NY 17K; Ramp (Wallkill) and Exit 120E - Wickham Avenue; NY 211 East (Wallkill) Res 8-5 RW - 29008709 Monday April 5th 2021 07:29 AM thru 03:00 PM left lane c,,NY-17 E,R,Bloomingburg,Orange,NY,12721,US,US/Eastern,KMGJ,2021-04-05 07:54:00,47.0,42.0,46.0,29.58,10.0,WNW,10.0,0.0,Fair,False,False,False,False,False,False,False,False,False,False,False,False,False,Day,Day,Day,Day
C-1852530,2,2021-03-23 05:16:00.000000000,2021-03-23 08:48:09.000000000,25.732115,-80.375665,25.732255,-80.367775,0.491181888736,Slow traffic on FL-976 from FL-821/117th Ave/Florida's Tpke (Bird Dr/SW 40th St/FL-976) to FL-985/SW 107th Ave (SW 40th St/Bird Rd/FL-976) due to roadwork.,,SW 40th St,R,Miami,Miami-Dade,FL,33165,US,US/Eastern,KMIA,2021-03-23 04:53:00,63.0,63.0,90.0,29.95,10.0,W,3.0,0.0,Fair,False,False,False,False,False,False,False,False,False,False,False,True,False,Night,Night,Night,Night
C-1852531,2,2021-04-14 13:51:30.000000000,2021-04-15 14:03:52.000000000,25.79148,-80.23962399999998,25.794265,-80.240186,0.1955755200599999,Stationary traffic on FL-9 from NW 17th St to NW 29th Ave due to roadwork.,,NW 27th Ave,R,Miami,Miami-Dade,FL,33125,US,US/Eastern,KMIA,2021-04-14 13:53:00,82.0,82.0,52.0,30.08,10.0,E,12.0,0.0,Fair,False,False,False,False,False,False,False,False,False,False,False,True,False,Day,Day,Day,Day
C-1852532,2,2020-11-07 16:37:30.000000000,2020-11-07 19:09:50.000000000,40.216641,-74.01316,40.213659,-74.01418199999998,0.2129757705959999,Slow traffic on NJ-71 from Asbury Ave (Main St/NJ-71) to Lake Ter (Main St/NJ-71) due to roadwork.,229.0,Main St,L,Asbury Park,Monmouth,NJ,07712-7016,US,US/Eastern,KBLM,2020-11-07 16:56:00,69.0,69.0,40.0,30.09,10.0,SW,5.0,0.0,Fair,False,False,True,False,False,False,False,False,False,False,False,True,False,Day,Day,Day,Day
C-1852533,2,2021-10-08 16:19:56.000000000,2021-10-08 16:32:48.000000000,26.063479,-80.16403100000002,26.071947,-80.16669399999998,0.607979696445,Slow traffic on I-95 N from FL-848/Stirling Rd/Exit 22 (I-95) to I-595/SW 24th Ave/Exit 24 (I-95) due to roadwork.,,I-95 N,R,Fort Lauderdale,Broward,FL,33315,US,US/Eastern,KFLL,2021-10-08 16:05:00,84.0,84.0,79.0,29.94,10.0,SE,9.0,0.0,Mostly Cloudy,False,False,False,False,False,False,False,False,False,False,False,False,False,Day,Day,Day,Day
C-1852534,2,2020-04-16 19:59:46.000000000,2020-07-30 01:59:46.000000000,41.42119,-81.69183000000002,41.42143,-81.70478,0.6711539794239999,At OH-94/State Rd/Exit 16 - Roadwork.,,Outerbelt South Fwy W,R,Cleveland,Cuyahoga,OH,44109,US,US/Eastern,KBKL,2020-04-16 19:53:00,41.0,32.0,49.0,29.58,10.0,W,17.0,0.0,Fair,False,False,False,False,False,False,False,False,False,False,False,False,False,Day,Day,Day,Day
C-1852535,4,2019-09-23 04:47:57.000000000,2019-09-23 09:38:28.000000000,29.72466,-95.46041,29.71371,-95.46028,0.756613157663,At Fournace Pl/Exit 7/Exit 6 - Roadwork.,,I-610 S,R,Bellaire,Harris,TX,77401,US,US/Central,KMCJ,2019-09-23 04:53:00,79.0,79.0,88.0,29.94,10.0,ESE,3.0,0.0,Fair,False,False,False,False,True,False,False,False,False,False,False,False,False,Night,Night,Night,Night
C-1852536,2,2021-08-10 18:24:08.000000000,2021-08-10 18:47:57.000000000,33.088547,-97.286742,33.088562,-97.282235,0.260905018726,Stationary traffic on FM-407 from TX-156/W 5th St (FM-407) to I-35W (FM-407) due to roadwork.,286.0,E 5th St,R,Justin,Denton,TX,76247-9652,US,US/Central,KAFW,2021-08-10 18:53:00,94.0,94.0,43.0,29.17,10.0,S,23.0,0.0,Fair / Windy,False,False,False,False,False,False,False,False,False,False,False,False,False,Day,Day,Day,Day
C-1852537,2,2019-12-17 19:38:25.000000000,2019-12-22 05:44:03.000000000,40.81938,-80.33756,40.8309,-80.35970999999998,1.40523935066,At PA-60-TOLL/Exit 10 - Construction work. Right lane blocked.,,I-76 W,R,Wampum,Beaver,PA,16157,US,US/Eastern,KBVI,2019-12-17 19:36:00,28.0,20.0,84.0,28.57,10.0,W,8.0,,Cloudy,False,False,False,False,False,False,False,False,False,False,False,False,False,Night,Night,Night,Night
C-1852538,2,2020-10-16 21:41:30.000000000,2020-10-16 22:37:48.000000000,44.758842,-122.346393,44.757784,-122.312145,1.6818674184600002,Slow traffic on OR-22 from Gates Hill Rd (OR-22) to Breitenbush Rd (OR-22) due to maintenance work.,35423.0,N Santiam Hwy,L,Gates,Marion,OR,97346-9515,US,US/Pacific,KSLE,2020-10-16 21:56:00,59.0,59.0,81.0,29.94,10.0,VAR,5.0,0.0,Mostly Cloudy,False,False,False,False,False,False,False,False,False,False,False,False,False,Night,Night,Night,Night
C-1852539,2,2021-01-15 14:58:00.000000000,2021-01-16 01:12:45.000000000,26.317497,-80.089766,26.319136,-80.09062,0.124986122926,Slow traffic on US-1 N - FL-810 - FL-5 from SE 12th Ave to NE Eller St due to roadwork.,1033.0,E Hillsboro Blvd,L,Deerfield Beach,Broward,FL,33441-3613,US,US/Eastern,KPMP,2021-01-15 23:53:00,70.0,70.0,65.0,29.86,10.0,SW,13.0,0.0,Fair,False,False,False,False,False,False,False,False,False,False,False,False,False,Day,Day,Day,Day
C-1852540,2,2020-12-11 15:55:00.000000000,2020-12-11 18:04:14.000000000,40.013417,-75.69554000000002,40.013024,-75.69559699999998,0.0273207344545,Utility work on PA 113 both directions at PENNSYLVANIA AV. There is a traffic disruption.,101.0,W Uwchlan Ave,L,Downingtown,Chester,PA,19335-2637,US,US/Eastern,KOQN,2020-12-11 15:55:00,52.0,52.0,67.0,29.41,10.0,VAR,6.0,0.0,Fair,False,False,False,False,False,False,False,False,False,False,False,True,False,Day,Day,Day,Day
C-1852541,2,2021-06-21 16:11:34.000000000,2021-06-22 14:48:43.000000000,42.755075,-84.773246,42.755443,-84.777274,0.205926469678,Roadwork on MI-100/Hartel Rd/S Clinton St (E Saginaw Hwy/MI-43) from N Cochran Rd (Grand Ledge Hwy/MI-43) to M-43.,3198.0,E Grand Ledge Hwy,R,Grand Ledge,Eaton,MI,48837-7404,US,US/Eastern,KLAN,2021-06-21 15:53:00,68.0,68.0,63.0,28.78,10.0,WNW,14.0,0.0,Cloudy,False,False,False,False,False,False,False,False,False,False,False,False,False,Day,Day,Day,Day
C-1852542,2,2020-08-20 04:43:00.000000000,2020-08-20 10:45:00.000000000,38.933089,-77.212182,38.926399,-77.214412,0.4775223877350001,Construction on I-495 SB near MM 45 Construction. Right lane closed.,,Capital Beltway S,R,Mc Lean,Fairfax County,VA,22102,US,US/Eastern,KDCA,2020-08-20 04:52:00,69.0,69.0,75.0,30.02,10.0,NNE,10.0,0.0,Mostly Cloudy,False,False,False,False,False,False,False,False,False,False,False,False,False,Night,Night,Night,Night
C-1852543,1,2021-05-25 09:00:00.000000000,2021-06-04 15:00:00.000000000,38.028309,-84.495628,,,0.0,Road closed due to gas main work on Melrose Ave both ways between KY-1974 Tates Creek Rd and Beaumont Ave. For through traffic.,701.0,Melrose Ave,L,Lexington,Fayette,KY,40502-2213,US,US/Eastern,KLEX,2021-05-25 08:54:00,73.0,73.0,66.0,29.15,10.0,SW,5.0,0.0,Fair,False,False,False,False,False,False,False,False,False,False,False,False,False,Day,Day,Day,Day
C-1852544,2,2021-03-02 07:20:00.000000000,2021-03-02 20:14:30.000000000,39.642859,-104.912682,39.627342,-104.903785,1.17199261095,Slow traffic on I-25 S - US-87 S from US-285/Exit 201 (I-25) to CO-88/Belleview Ave/Exit 199 (I-25) due to roadwork.,,I-25 S,R,Denver,Denver,CO,80237,US,US/Mountain,KAPA,2021-03-02 06:53:00,30.0,30.0,43.0,24.18,10.0,SE,3.0,0.0,Fair,False,False,False,False,False,False,False,False,False,False,False,False,False,Day,Day,Day,Day
C-1852545,2,2021-03-12 23:31:00.000000000,2021-11-20 12:09:30.000000000,39.374494,-100.47637,39.358317,-100.453944,1.63838840165,Stationary traffic on US-24 E - US-24 W from KS-188 (US-24) to KS-23/Main St (Oak Ave/US-24) due to roadwork.,,W US Highway 24,R,Hoxie,Sheridan,KS,67740,US,US/Central,KHLC,2021-07-23 15:53:00,97.0,97.0,30.0,27.64,10.0,SSW,14.0,0.0,Fair,False,False,False,False,False,False,False,False,False,False,False,False,False,Night,Night,Night,Night
C-1852546,2,2021-10-21 16:56:47.000000000,2021-10-21 17:40:20.000000000,28.25979,-81.605851,28.260776,-81.612188,0.3916274117670001,Slow traffic from CR-545/S Lake Wilson Rd (Osceola Polk Line Rd/CR-532) to I-4 (Osceola Polk Line Rd/CR-532) due to roadwork.,7949.0,Osceola Polk Line Rd,R,Davenport,Osceola,FL,33896,US,US/Eastern,KISM,2021-10-21 16:56:00,84.0,84.0,47.0,30.01,10.0,E,5.0,0.0,Fair,False,False,False,False,False,False,False,False,False,False,False,True,False,Day,Day,Day,Day
C-1852547,2,2016-09-30 09:00:50.000000000,2016-09-30 15:00:50.000000000,39.42359,-76.706158,39.42069,-76.67036,1.92115485528,Between Nacirema Ln and MD-25/Falls Rd - Construction work.,1712.0,Greenspring Valley Rd,R,Stevenson,Baltimore,MD,21153-0642,US,US/Eastern,KDMH,2016-09-30 08:54:00,59.0,,90.0,30.19,,North,,0.03,,False,False,False,False,False,False,False,False,False,False,False,True,False,Day,Day,Day,Day
C-1852548,4,2020-11-21 13:22:53.000000000,2020-11-29 07:59:00.000000000,39.792436,-89.65351700000002,39.792401,-89.65213100000004,0.0736213417005,Closed road from S 2nd St to S 3rd St due to roadwork.,191.0,E Canedy St,L,Springfield,Sangamon,IL,62704-2705,US,US/Central,KSPI,2020-11-21 12:52:00,50.0,50.0,66.0,29.79,10.0,NE,12.0,0.0,Mostly Cloudy,False,False,True,False,False,False,False,False,False,True,False,False,False,Day,Day,Day,Day
C-1852549,2,2021-07-23 11:41:22.000000000,2021-07-23 13:28:42.000000000,45.227099,-93.390866,45.224222,-93.39671,0.346975491062,Stationary traffic on County Hwy-116 - MN-47 from Parkview Ln to Coolidge St / E Mineral Pond Blvd due to roadwork.,,Bunker Lake Blvd NW,R,Anoka,Anoka,MN,55303,US,US/Central,KANE,2021-07-23 11:45:00,90.0,90.0,43.0,28.95,10.0,S,9.0,0.0,Partly Cloudy,False,False,True,False,False,False,False,False,False,False,False,False,False,Day,Day,Day,Day
C-1852550,2,2020-02-07 08:40:17.000000000,2020-02-07 12:40:17.000000000,43.7538,-123.13821000000002,43.7538,-123.13821000000002,0.0,At CR-62/Bear Creek Rd/Exit 163 - Maintenance work.,,I-5 S,R,Cottage Grove,Douglas,OR,97424,US,US/Pacific,KEUG,2020-02-07 08:54:00,49.0,47.0,86.0,29.84,10.0,S,6.0,0.0,Cloudy,False,False,False,False,False,False,False,False,False,False,False,False,False,Day,Day,Day,Day
C-1852551,2,2020-09-18 12:31:30.000000000,2020-09-19 05:57:36.000000000,40.70376,-73.85568599999998,40.702433,-73.853864,0.132342284119,Queuing traffic from Jackie Robinson Pkwy N to Freedom Dr due to resurfacing work.,,Jackie Robinson Pkwy S,R,Ridgewood,Queens,NY,11385,US,US/Eastern,KLGA,2020-09-18 12:51:00,69.0,69.0,58.0,29.94,10.0,N,15.0,0.0,Cloudy,False,False,False,False,False,False,False,False,False,False,False,False,False,Day,Day,Day,Day
C-1852552,2,2021-04-21 05:23:30.000000000,2021-04-21 18:27:15.000000000,26.678711,-81.90010500000002,26.683088,-81.901524,0.314854670943,Slow traffic on FL-45 - US-41 N from Evergreen Rd (US-41) to Diplomat Pkwy (US-41) due to roadwork.,14834.0,N Cleveland Ave,R,North Fort Myers,Lee,FL,33903,US,US/Eastern,KFMY,2021-04-21 05:36:00,73.0,73.0,96.0,29.95,10.0,CALM,0.0,0.0,Mostly Cloudy,False,False,False,False,False,False,False,False,False,False,False,False,False,Night,Night,Night,Night
C-1852553,2,2020-09-23 18:28:30.000000000,2020-09-24 00:12:20.000000000,30.44262800000001,-91.138463,30.444545,-91.139416,0.144104582584,Stationary traffic on LA-73 from Capital Heights Ave to Bienville St due to roadwork.,,Capital Heights Ave,R,Baton Rouge,East Baton Rouge,LA,70806,US,US/Central,KBTR,2020-09-23 18:23:00,79.0,79.0,90.0,29.65,3.0,S,13.0,0.27,Light Rain,False,False,False,False,False,False,False,False,False,False,False,False,False,Day,Day,Day,Day
C-1852554,2,2021-07-17 20:44:12.000000000,2021-07-17 20:56:45.000000000,40.737303,-73.933263,40.739352,-73.941583,0.4579982225639999,Slow traffic on I-495 W from Bklyn-Qns Expwy exit [17W] to Queens Midtown Tunl due to roadwork.,,Long Island Expy W,R,Long Island City,Queens,NY,11101,US,US/Eastern,KNYC,2021-07-17 20:51:00,76.0,76.0,85.0,29.89,6.0,VAR,5.0,0.01,Light Rain,False,False,False,False,False,False,False,False,False,False,False,False,False,Night,Day,Day,Day
C-1852555,2,2020-10-09 16:01:00.000000000,2020-10-09 21:46:00.000000000,37.366306,-122.135774,37.361138,-122.120232,0.925178859147,Construction on I-280 SB near ROBLEDA RD Expect delays.,,I-280 S,R,Los Altos,Santa Clara,CA,94022,US,US/Pacific,KNUQ,2020-10-09 23:15:00,61.0,61.0,82.0,29.92,10.0,CALM,0.0,,Mostly Cloudy,False,False,False,False,False,False,False,False,False,False,False,False,False,Day,Day,Day,Day
C-1852556,2,2021-09-21 17:15:00.000000000,2021-09-21 19:39:44.000000000,33.463051,-112.012918,33.466192,-112.01292,0.2170224614209999,Stationary traffic from AZ-202/Red Mountain Fwy (N 32nd St) to E Thomas Rd (N 32nd St) due to roadwork.,1347.0,N 32nd St,R,Phoenix,Maricopa,AZ,85008-4803,US,US/Mountain,KPHX,2021-09-21 16:51:00,101.0,101.0,11.0,28.81,10.0,W,5.0,0.0,Fair,True,False,True,False,False,False,False,False,True,False,False,False,False,Day,Day,Day,Day
C-1852557,2,2020-09-08 12:57:54.000000000,2020-09-12 16:01:14.000000000,32.470401,-96.957446,32.455357,-96.936175,1.61805992111,Roadwork on US-287 from S Midlothian Pkwy (US-287) to US-287 (Waxahachie) (West) (US-287).,,Shady Grove Rd,R,Midlothian,Ellis,TX,76065,US,US/Central,KJWY,2020-09-08 12:55:00,88.0,88.0,56.0,29.1,10.0,SSE,12.0,0.0,Partly Cloudy,False,False,False,False,False,False,False,False,False,False,False,False,False,Day,Day,Day,Day
C-1852558,2,2021-12-29 18:17:00.000000000,2021-12-29 18:39:00.000000000,44.421704,-121.860676,44.429922,-121.886532,1.39647545473,Slow traffic on US-20 W - US-20 E - OR-126 from NFD-2076 (US-20) to OR-22/Santiam Hwy (US-20) due to roadwork.,,Santiam Hwy,R,Blue River,Linn,OR,97413,US,US/Pacific,KEUG,2021-12-29 17:54:00,33.0,33.0,89.0,29.55,10.0,CALM,0.0,0.0,Partly Cloudy,False,False,False,False,False,False,False,False,False,False,False,False,False,Night,Night,Night,Day
C-1852559,2,2021-11-18 19:08:30.000000000,2021-12-03 17:42:45.000000000,39.499574,-84.35954100000002,39.499903,-84.355512,0.2160030951539999,Slow traffic on OH-122 from Eaton Ave to Lewis St due to roadwork.,4146.0,Roosevelt Blvd,R,Middletown,Butler,OH,45044-6623,US,US/Eastern,KMWO,2021-12-03 14:15:00,57.0,57.0,34.0,29.29,10.0,E,10.0,0.0,Fair,False,False,False,False,False,False,False,False,False,False,False,False,False,Night,Night,Night,Night
C-1852560,2,2021-04-02 06:37:30.000000000,2021-04-02 15:50:14.000000000,33.481867,-112.012915,33.480483,-112.012336,0.101279556789,Stationary traffic from E Pinchot Ave to N 32nd Pl due to roadwork.,2974.0,N 32nd St,L,Phoenix,Maricopa,AZ,85018-6851,US,US/Mountain,KPHX,2021-04-02 06:51:00,71.0,71.0,21.0,28.66,10.0,E,6.0,0.0,Mostly Cloudy,True,False,False,False,False,False,False,False,True,False,False,False,False,Day,Day,Day,Day
C-1852561,2,2021-07-27 15:58:00.000000000,2021-07-27 16:19:19.000000000,38.674323,-88.438298,38.669698,-88.43822800000002,0.319579374616,Stationary traffic on US-45 S - County Hwy-1400 - US-45 N from US-50 (CR-1400/US-45) to CR-12 (Flora) (CR-1400/US-45) due to roadwork.,,County Hwy-1400,R,Flora,Clay,IL,62839,US,US/Central,KFOA,2021-07-27 15:55:00,88.0,88.0,49.0,29.52,10.0,E,5.0,0.0,Fair,False,False,False,False,False,False,False,False,False,False,False,False,False,Day,Day,Day,Day
C-1852562,2,2020-09-09 01:46:00.000000000,2020-09-09 05:00:00.000000000,37.85497,-79.48161,37.84997,-79.47522,0.490792344952,On I-64 in the County of Rockbridge at mile marker 50.4 motorists can expect potential delays in this area from 09/08/20 at 6:46 PM until 09/08/20 at 10:00 PM due to guardrail repairs. The east left shoulder and left lane are closed.,,I-64 E,R,Lexington,Rockbridge,VA,24450,US,US/Eastern,KHSP,2020-09-09 01:55:00,64.0,64.0,86.0,26.38,10.0,E,6.0,0.0,Partly Cloudy,False,False,False,False,False,False,False,False,False,False,False,False,False,Night,Night,Night,Night
C-1852563,2,2021-08-19 11:20:30.000000000,2021-08-19 13:59:35.000000000,35.331694,-106.573422,35.33009699999999,-106.57161,0.150358939422,Stationary traffic on NM-44 - US-550 S from Sprint Blvd / Safelite Blvd NE to Pat D'Arco Hwy due to roadwork.,1123.0,W Highway 550,R,Rio Rancho,Sandoval,NM,87144,US,US/Mountain,KAEG,2021-08-19 11:49:00,73.0,73.0,50.0,24.33,10.0,SSW,9.0,0.0,Fair,False,False,False,False,False,False,False,False,False,False,False,True,False,Day,Day,Day,Day
C-1852564,2,2021-05-21 05:31:55.000000000,2021-05-21 07:00:00.000000000,25.78533,-80.21431,,,0.4900000095369999,Entry ramp to FL-836-Toll Eastbound from Nw 12th Ave Northbound closed due to construction during the night.,,Dolphin Expy E,R,Miami,Miami-Dade,FL,33136,US,US/Eastern,KMIA,2021-05-21 05:53:00,76.0,76.0,48.0,30.15,10.0,ENE,18.0,0.0,Fair,False,False,False,False,False,False,False,False,False,False,False,False,False,Night,Night,Night,Day
C-1852565,2,2021-04-07 04:28:00.000000000,2021-11-25 00:21:05.000000000,44.64445900000001,-103.427494,44.648709,-103.427494,0.293647033084,Construction on SD-79 NB near SD-34 Construction. Drive with caution.,19038.0,SD Highway 79,R,Newell,Butte,SD,57760-6345,US,US/Mountain,KEFC,2021-11-21 00:56:00,31.0,23.0,73.0,26.8,10.0,NNW,9.0,0.0,Fair,False,False,False,False,False,False,False,False,False,False,False,False,False,Night,Night,Night,Night
C-1852566,2,2021-09-24 16:54:48.000000000,2021-09-24 19:20:56.000000000,40.737625,-73.882201,40.734344,-73.87358,0.505074694554,Slow traffic on NY-25 from 51st Ave (Queens Blvd/NY-25) to 59th Ave/Woodhaven Blvd (Queens Blvd/NY-25) due to roadwork.,,Queens Blvd,R,Elmhurst,Queens,NY,11373,US,US/Eastern,KLGA,2021-09-24 16:51:00,75.0,75.0,32.0,29.99,10.0,WSW,14.0,0.0,Partly Cloudy,False,False,True,False,False,False,False,False,False,False,False,True,False,Day,Day,Day,Day
C-1852567,2,2021-07-12 00:00:00.000000000,2021-07-17 23:59:59.000000000,33.375656,-79.21356999999998,33.377705,-79.21173399999998,0.176818125408,TEMPORARY LANE CLOSURES . Lane closures due to resurfacing of roadway.,,Ocean Hwy,R,Georgetown,Georgetown,SC,29440,US,US/Eastern,KGGE,2021-07-12 00:15:00,77.0,77.0,89.0,30.12,10.0,SSW,7.0,0.0,Fair,False,False,False,False,False,False,False,False,False,False,False,False,False,Night,Night,Night,Night
C-1852568,2,2021-08-24 01:19:00.000000000,2021-08-24 04:19:45.000000000,41.707301,-85.007986,41.70746,-85.00779,0.0149299028401,Roadwork on I-69 S / N State Road 127 from W 500 N to IN-127.,4699.0,N State Road 127,L,Angola,Steuben,IN,46703-9509,US,US/Eastern,KANQ,2021-08-24 01:15:00,68.0,68.0,100.0,28.95,1.0,CALM,0.0,0.0,Fog,False,False,True,False,False,True,False,False,False,True,False,False,False,Night,Night,Night,Night
C-1852569,2,2019-09-20 09:03:48.000000000,2019-09-26 09:01:21.000000000,25.88391,-80.206537,25.88264,-80.25128000000002,2.78271297887,Between 5th Ave and 32nd Ave - Construction work.,500.0,NW 119th St,L,Miami,Miami-Dade,FL,33168-3431,US,US/Eastern,KOPF,2019-09-21 08:53:00,81.0,81.0,79.0,30.05,10.0,NE,18.0,0.0,Light Rain,False,False,False,False,False,False,False,False,True,False,False,True,False,Day,Day,Day,Day
C-1852570,2,2021-12-22 09:25:00.000000000,2021-12-22 09:50:30.000000000,30.353511,-91.091161,30.350421,-91.082007,0.586063429705,Slow traffic on LA-42 from Providence Rd to Plantation Ridge Ln due to roadwork.,12194.0,Highland Rd,R,Baton Rouge,East Baton Rouge,LA,70810-4815,US,US/Central,KBTR,2021-12-22 09:53:00,55.0,55.0,59.0,30.09,10.0,N,7.0,0.0,Fair,False,False,False,False,False,False,False,False,False,False,False,False,False,Day,Day,Day,Day
C-1852571,3,2021-09-20 05:34:37.000000000,2021-12-31 23:59:00.000000000,33.220661,-97.170509,,,0.569999992847,Long-term construction and permanently closed on entry ramp to I-35 Northbound from South of US-380.,3212.0,N Interstate 35,L,Denton,Denton,TX,76201,US,US/Central,KDTO,2021-09-20 05:53:00,74.0,74.0,87.0,29.12,10.0,SE,7.0,0.0,Fair,False,False,False,False,False,False,False,False,False,False,False,False,False,Night,Night,Night,Night
C-1852572,4,2020-05-08 15:02:21.000000000,2020-05-08 15:32:21.000000000,39.39468,-76.68743,39.40144,-76.68542,0.479242174874,Closed between MD-133/Old Court Rd and Hillside Rd - Closed due to roadwork.,,Greenspring Ave,R,Pikesville,Baltimore County,MD,21208,US,US/Eastern,KDMH,2020-05-08 14:54:00,59.0,,62.0,29.68,,,,0.0,,False,False,False,False,False,False,False,False,False,False,False,True,False,Day,Day,Day,Day
C-1852573,2,2021-05-31 17:29:08.000000000,2021-05-31 19:44:00.000000000,26.033812,-80.136039,26.033642,-80.1433,0.450937041845,Stationary traffic on FL-822 - FL-A1A from FL-A1A/N Ocean Dr (SE 16th St/Sheridan St) to US-1/FL-5/S Federal Hwy (Sheridan St/16th St) due to roadwork.,433.0,Sheridan St,L,Dania,Broward,FL,33004-5502,US,US/Eastern,KFLL,2021-05-31 17:53:00,83.0,83.0,69.0,30.08,10.0,ENE,14.0,0.0,Mostly Cloudy,False,False,True,False,False,False,False,False,False,False,False,True,False,Day,Day,Day,Day
C-1852574,2,2020-11-24 13:34:00.000000000,2020-11-25 06:01:30.000000000,38.813949,-104.759691,38.813643,-104.757628,0.113059575155,Stationary traffic on US-24 E from E Fountain Blvd (US-24) to CO-83/S Academy Blvd (E Fountain Blvd/US-24) due to roadwork.,3625.0,E Fountain Blvd,L,Colorado Springs,El Paso,CO,80910-3733,US,US/Mountain,KCOS,2020-11-24 13:54:00,34.0,22.0,54.0,23.81,10.0,NNW,21.0,0.0,Mostly Cloudy / Windy,False,False,True,False,False,False,False,False,False,False,False,True,False,Day,Day,Day,Day
C-1852575,2,2020-12-09 16:25:15.000000000,2020-12-10 09:54:12.000000000,33.136437,-94.911719,33.129672,-94.891489,1.26036631305,Roadwork on FM-2348 (TX-49) from FM-1000 (TX-49) to TX-49.,3400.0,Texas Highway 49,L,Mount Pleasant,Titus,TX,75455-8036,US,US/Central,KOSA,2020-12-09 16:35:00,76.0,76.0,15.0,29.65,5.0,CALM,0.0,0.0,Fair,False,False,False,False,False,False,False,False,False,False,False,False,False,Day,Day,Day,Day
C-1852576,2,2018-08-23 09:01:57.000000000,2018-08-27 09:01:44.000000000,37.329561,-121.88282,37.33103,-121.88388,0.1170185859009999,At San Carlos St - Construction work.,501.0,S 3rd St,R,San Jose,Santa Clara,CA,95112,US,US/Pacific,KSJC,2018-08-23 08:53:00,64.0,,73.0,30.06,7.0,North,6.9,,Overcast,False,False,True,False,False,False,False,False,False,False,False,True,False,Day,Day,Day,Day
C-1852577,2,2020-10-29 18:50:30.000000000,2020-10-30 02:43:53.000000000,33.451275,-112.163242,33.452106,-112.169126,0.344026886907,Stationary traffic from N 48th Ave to W Polk St due to roadwork.,4813.0,W Van Buren St,L,Phoenix,Maricopa,AZ,85043-3814,US,US/Mountain,KGEU,2020-10-29 18:58:00,77.0,77.0,20.0,28.8,10.0,CALM,0.0,0.0,Fair,False,False,False,False,False,True,False,False,False,False,False,False,False,Night,Night,Night,Day
C-1852578,4,2021-06-05 13:08:02.000000000,2021-06-05 16:07:46.000000000,40.853064,-73.930999,40.852378,-73.93149100000002,0.0539233458505,Closed road from W 187th St to W 183rd St due to roadwork.,599.0,W 187th St,R,New York,New York,NY,10033-1406,US,US/Eastern,KNYC,2021-06-05 12:51:00,86.0,86.0,51.0,29.82,10.0,SW,7.0,0.0,Fair,False,False,True,False,False,False,False,False,False,False,False,True,False,Day,Day,Day,Day
C-1852579,2,2021-10-25 17:22:00.000000000,2021-10-25 17:43:00.000000000,39.977549,-75.119222,39.975357,-75.12114100000002,0.1823774416,Stationary traffic from E Lehigh Ave (Aramingo Ave) to E York St/Moyer St (Aramingo Ave) due to roadwork.,2541.0,Aramingo Ave,R,Philadelphia,Philadelphia,PA,19125-3728,US,US/Eastern,KPNE,2021-10-25 16:54:00,76.0,76.0,60.0,29.68,10.0,VAR,6.0,0.0,Partly Cloudy,False,False,False,False,False,False,False,False,False,False,False,True,False,Day,Day,Day,Day
C-1852580,2,2016-09-29 09:41:50.000000000,2016-09-29 12:00:00.000000000,33.814820000000005,-118.08156,33.81041,-118.08157,0.3047025209989999,At Spring St - Construction work.,,I-605 S,R,Long Beach,Los Angeles,CA,90808,US,US/Pacific,KLGB,2016-09-29 09:53:00,82.9,,39.0,30.03,10.0,West,3.5,,Clear,False,False,False,False,True,False,False,False,False,False,False,False,False,Day,Day,Day,Day
C-1852581,4,2021-01-12 17:00:00.000000000,2021-01-13 02:00:00.000000000,31.099451,-82.918227,31.097891,-82.937497,1.14515963854,GA-122 is closed from US-441 (GA-122) to GA-168/Nashville Hwy (South) (GA-122) due to roadwork.,5100.0,GA Highway 122 W,L,Homerville,Clinch,GA,31634-7042,US,US/Eastern,KHOE,2021-01-12 16:53:00,50.0,50.0,76.0,30.02,10.0,NW,5.0,,Cloudy,False,False,False,False,False,False,False,False,False,False,False,False,False,Day,Day,Day,Day
C-1852582,2,2021-04-18 07:15:30.000000000,2021-04-18 18:55:00.000000000,37.679561,-96.787951,37.679544,-96.781405,0.357959561299,Stationary traffic on US-400 W - US-400 E from US-77/US-54 (US-400) to SE Stony Creek Rd (US-400) due to roadwork.,3060.0,SE State Road 96,R,Leon,Butler,KS,67074,US,US/Central,KAAO,2021-04-18 06:54:00,39.0,33.0,82.0,28.6,10.0,NW,8.0,0.0,Partly Cloudy,False,False,False,False,False,False,False,False,False,False,False,False,False,Day,Day,Day,Day
C-1852583,2,2020-09-05 07:00:00.000000000,2020-09-25 07:45:00.000000000,39.692959,-104.958117,39.692963,-104.950045,0.429154975046,Construction on E LOUISIANA AVE EB near S JOSEPHINE ST Expect delays.,1299.0,S Josephine St,R,Denver,Denver,CO,80210-1920,US,US/Mountain,KAPA,2020-09-05 06:53:00,58.0,58.0,46.0,24.47,10.0,CALM,0.0,0.0,Fair,False,False,False,False,False,False,False,False,False,False,False,False,False,Day,Day,Day,Day
C-1852584,2,2021-12-10 14:37:00.000000000,2021-12-10 16:45:00.000000000,37.316156,-78.176537,37.307425,-78.156318,1.26430377499,Construction on SOAP STONE RD SB near SELMA RD Construction. Drive with caution.,8868.0,Soap Stone Rd,L,Jetersville,Amelia,VA,23083,US,US/Eastern,KFVX,2021-12-10 14:35:00,58.0,58.0,63.0,29.63,10.0,SW,3.0,0.0,Cloudy,False,False,False,False,False,False,False,False,False,False,False,False,False,Day,Day,Day,Day
